# profile length: 500
  1 M 0.0000000 0.0000000 0.0000000 0.0000000 0.0000000 0.0000000 0.0000000 0.0000000 0.0000000 0.1049277 0.5072284 0.0000000 0.3878439 0.0000000 0.0000000 0.0000000 0.0000000 0.0000000 0.0000000 0.0000000 0.0000000 0.0000000 0.0000000 0.0000000 0.0000000
  2 S 0.0094824 0.0033246 0.0592222 0.0000000 0.0000000 0.1281185 0.4019229 0.0105218 0.0000000 0.0000000 0.0000000 0.0488585 0.0000000 0.0000000 0.0000000 0.2585605 0.0799886 0.0000000 0.0000000 0.0000000 0.0000000 0.0000000 0.0000000 0.0000000 0.0000000
  3 N 0.0000000 0.0000000 0.0677634 0.0435698 0.0000000 0.0364742 0.0208946 0.0101483 0.7214042 0.0000000 0.0000000 0.0013443 0.0000000 0.0000000 0.0097024 0.0250685 0.0619666 0.0000000 0.0016637 0.0000000 0.0000000 0.0000000 0.0000000 0.0000000 0.0000000
  4 L 0.0274253 0.0113789 0.1140874 0.0328298 0.0000000 0.1873866 0.0444763 0.0286460 0.0294873 0.0145738 0.0969515 0.0115235 0.0292375 0.0146992 0.0056701 0.1530504 0.1985764 0.0000000 0.0000000 0.0000000 0.0000000 0.0000000 0.0000000 0.0000000 0.0000000
  5 P 0.0513423 0.0124628 0.0599366 0.1183135 0.0000000 0.0310687 0.0819997 0.2199455 0.0034995 0.0125866 0.0036793 0.0998348 0.0000000 0.0013329 0.0549328 0.2277999 0.0187952 0.0000000 0.0024700 0.0000000 0.0000000 0.0000000 0.0000000 0.0000000 0.0000000
  6 I 0.0778346 0.0400321 0.0190861 0.0194198 0.0031845 0.0231913 0.0270471 0.0426986 0.0017330 0.0683865 0.0695187 0.0471709 0.0241610 0.0181970 0.1054461 0.1562976 0.1382115 0.0317530 0.0225729 0.0640578 0.0000000 0.0000000 0.0000000 0.0000000 0.0000000
  7 I 0.0000000 0.0000000 0.0000000 0.0000000 0.0000000 0.0000000 0.0000000 0.0000000 0.0000000 0.2874107 0.0429919 0.0000000 0.0362078 0.0021168 0.0000000 0.0000000 0.0000000 0.0000000 0.0000000 0.6312727 0.0000000 0.0000000 0.0000000 0.0000000 0.0000000
  8 N 0.0074400 0.0970369 0.2107862 0.0023740 0.0185788 0.0404425 0.0153667 0.0070573 0.0253646 0.0075646 0.0874117 0.0326392 0.0155577 0.0431185 0.0016479 0.0655127 0.1069068 0.1011507 0.1014422 0.0126009 0.0000000 0.0000000 0.0000000 0.0000000 0.0000000
  9 F 0.0845339 0.0106985 0.0236888 0.0373285 0.0391433 0.0277941 0.0068357 0.0348128 0.0080417 0.0025816 0.0024144 0.0000000 0.0000000 0.0725171 0.0036290 0.5746419 0.0439182 0.0034665 0.0209890 0.0029651 0.0000000 0.0000000 0.0000000 0.0000000 0.0000000
 10 I 0.0471088 0.0000000 0.0000000 0.0000000 0.0093852 0.0000000 0.0000000 0.0000000 0.0000000 0.1770441 0.0752552 0.0000000 0.0023325 0.0016832 0.0000000 0.0000000 0.0010858 0.0000000 0.0000000 0.6861052 0.0000000 0.0000000 0.0000000 0.0000000 0.0000000
 11 N 0.4160983 0.0142441 0.0873380 0.0113601 0.1242842 0.0050559 0.0018809 0.0040741 0.0065377 0.0135209 0.0000000 0.0108299 0.0017807 0.0022726 0.0000000 0.1410785 0.1125211 0.0000000 0.0027120 0.0444109 0.0000000 0.0000000 0.0000000 0.0000000 0.0000000
 12 F 0.0000000 0.0000000 0.0000000 0.0000000 0.0031455 0.0000000 0.0000000 0.0000000 0.0000000 0.0268872 0.0370945 0.0000000 0.0000000 0.8448848 0.0000000 0.0007748 0.0000000 0.0152753 0.0395453 0.0323927 0.0000000 0.0000000 0.0000000 0.0000000 0.0000000
 13 N 0.0023832 0.0024572 0.1317345 0.0016202 0.0059170 0.0033038 0.0000000 0.0000000 0.0185328 0.0000000 0.0013936 0.0000000 0.0000000 0.0000000 0.0000000 0.8025803 0.0300774 0.0000000 0.0000000 0.0000000 0.0000000 0.0000000 0.0000000 0.0000000 0.0000000
 14 Q 0.0370088 0.0198768 0.0115498 0.0073300 0.0014617 0.1131419 0.0173520 0.0044552 0.0185984 0.0033084 0.0104203 0.0163576 0.0000000 0.0038884 0.6706209 0.0459393 0.0110842 0.0000000 0.0024214 0.0051850 0.0000000 0.0000000 0.0000000 0.0000000 0.0000000
 15 N 0.0021452 0.0000000 0.1034617 0.8007437 0.0010714 0.0151312 0.0180259 0.0018882 0.0020216 0.0012935 0.0017690 0.0122907 0.0000000 0.0011875 0.0012086 0.0122500 0.0215256 0.0000000 0.0000000 0.0039863 0.0000000 0.0000000 0.0000000 0.0000000 0.0000000
 16 G 0.0176047 0.0048752 0.0489244 0.0120147 0.0117551 0.0035597 0.0090625 0.7246457 0.0191510 0.0000000 0.0000000 0.0108797 0.0000000 0.0063132 0.0000000 0.0847402 0.0112862 0.0000000 0.0327447 0.0024429 0.0000000 0.0000000 0.0000000 0.0000000 0.0000000
 17 S 0.0272217 0.0559121 0.0275049 0.0162667 0.0056054 0.2097420 0.0437279 0.0124947 0.0221404 0.0114678 0.0135899 0.2480022 0.0053350 0.0011977 0.0052136 0.1354903 0.1540218 0.0000000 0.0031856 0.0018803 0.0000000 0.0000000 0.0000000 0.0000000 0.0000000
 18 C 0.0097097 0.0411094 0.0022710 0.0000000 0.0757326 0.0278862 0.0033112 0.0000000 0.0190000 0.1082795 0.1672313 0.0313491 0.0327658 0.0317247 0.0000000 0.0144472 0.2105891 0.0322997 0.1669440 0.0253496 0.0000000 0.0000000 0.0000000 0.0000000 0.0000000
 19 I 0.0045685 0.0000000 0.0000000 0.0000000 0.0000000 0.0000000 0.0000000 0.0000000 0.0000000 0.2182199 0.6162726 0.0000000 0.0177468 0.0385827 0.0000000 0.0000000 0.0000000 0.0049440 0.0000000 0.0996656 0.0000000 0.0000000 0.0000000 0.0000000 0.0000000
 20 S 0.7506154 0.0000000 0.0000000 0.0000000 0.0000000 0.0000000 0.0000000 0.0103427 0.0000000 0.0351184 0.0115606 0.0000000 0.0026044 0.0010530 0.0000000 0.0455654 0.0183135 0.0000000 0.0000000 0.1248267 0.0000000 0.0000000 0.0000000 0.0000000 0.0000000
 21 M 0.0276421 0.0000000 0.0015028 0.0000000 0.0119160 0.0000000 0.0000000 0.0063262 0.0000000 0.0319204 0.0220263 0.0000000 0.0114455 0.0103737 0.0000000 0.5705531 0.2342738 0.0000000 0.0011112 0.0709090 0.0000000 0.0000000 0.0000000 0.0000000 0.0000000
 22 G 0.2276266 0.0000000 0.0021922 0.0000000 0.0412363 0.0000000 0.0000000 0.6090315 0.0000000 0.0041735 0.0014052 0.0022742 0.0000000 0.0000000 0.0000000 0.0880549 0.0091524 0.0000000 0.0000000 0.0148534 0.0000000 0.0000000 0.0000000 0.0000000 0.0000000
 23 T 0.0186737 0.0008153 0.0256238 0.0621877 0.0115534 0.0034223 0.0085021 0.0555722 0.0085633 0.0036791 0.0262986 0.0011151 0.0123560 0.0052686 0.0000000 0.6546921 0.0795565 0.0066008 0.0155193 0.0000000 0.0000000 0.0000000 0.0000000 0.0000000 0.0000000
 24 S 0.0232376 0.0289603 0.0405149 0.6223574 0.0029120 0.0181829 0.0516503 0.0209841 0.0205885 0.0030479 0.0081814 0.0158286 0.0065336 0.0092475 0.0025496 0.0851097 0.0213638 0.0060435 0.0061672 0.0065392 0.0000000 0.0000000 0.0000000 0.0000000 0.0000000
 25 Q 0.0054281 0.0420697 0.2028998 0.2725649 0.0062590 0.0635172 0.0270805 0.0230346 0.0486455 0.0054012 0.0017595 0.2201453 0.0000000 0.0021449 0.0020628 0.0385590 0.0249332 0.0000000 0.0120808 0.0014141 0.0000000 0.0000000 0.0000000 0.0000000 0.0000000
 26 G 0.0064413 0.0039530 0.0204954 0.0073004 0.0053340 0.0116388 0.0092949 0.2656306 0.0050525 0.0121982 0.0008964 0.0121936 0.0021802 0.0104016 0.0000000 0.1508684 0.4673262 0.0000000 0.0048937 0.0039008 0.0000000 0.0000000 0.0000000 0.0000000 0.0000000
 27 F 0.0635444 0.0000000 0.0000000 0.0000000 0.0714065 0.0000000 0.0000000 0.0008922 0.0000000 0.4281746 0.0686881 0.0000000 0.0043800 0.0594059 0.0000000 0.0087140 0.0191600 0.0000000 0.0477447 0.2278897 0.0000000 0.0000000 0.0000000 0.0000000 0.0000000
 28 K 0.0023404 0.3903535 0.0127300 0.0000000 0.0344329 0.0366259 0.0019059 0.0024695 0.0236416 0.0216165 0.0159764 0.3697498 0.0031805 0.0000000 0.0000000 0.0335002 0.0084219 0.0069729 0.0307039 0.0053780 0.0000000 0.0000000 0.0000000 0.0000000 0.0000000
 29 I 0.0013056 0.0014809 0.0000000 0.0000000 0.0000000 0.0000000 0.0000000 0.0000000 0.0000000 0.3379531 0.5501531 0.0010321 0.0062216 0.0159029 0.0000000 0.0000000 0.0014347 0.0000000 0.0000000 0.0845161 0.0000000 0.0000000 0.0000000 0.0000000 0.0000000
 30 F 0.0000000 0.0028874 0.0000000 0.0000000 0.0011302 0.0020561 0.0000000 0.0000000 0.0000000 0.0000000 0.0159004 0.0000000 0.0000000 0.0722743 0.0000000 0.0005778 0.0055235 0.8363613 0.0560650 0.0072240 0.0000000 0.0000000 0.0000000 0.0000000 0.0000000
 31 N 0.0006893 0.0215665 0.2984817 0.4223142 0.0020222 0.0430614 0.0510078 0.0133390 0.0268621 0.0000000 0.0008540 0.0167951 0.0000000 0.0031360 0.0000000 0.0623491 0.0285902 0.0020013 0.0042172 0.0027130 0.0000000 0.0000000 0.0000000 0.0000000 0.0000000
 32 C 0.1036920 0.0305835 0.0019981 0.0000000 0.0654598 0.0034463 0.0000000 0.0070134 0.0000000 0.1289794 0.1464665 0.0029078 0.0079434 0.0286532 0.0356246 0.0263341 0.0970322 0.0095606 0.0070516 0.2972535 0.0000000 0.0000000 0.0000000 0.0000000 0.0000000
 33 E 0.0763425 0.0374796 0.0731833 0.1086423 0.0015171 0.1224550 0.1761431 0.0076689 0.0203168 0.0122051 0.0076269 0.1879045 0.0043571 0.0037620 0.0214051 0.0599140 0.0547117 0.0000000 0.0066394 0.0177256 0.0000000 0.0000000 0.0000000 0.0000000 0.0000000
 34 P 0.0154215 0.0216667 0.0595830 0.0449484 0.0000000 0.0349645 0.0142600 0.0307096 0.0036769 0.0083700 0.0050486 0.0746693 0.0019995 0.0011703 0.1030432 0.1236151 0.4549567 0.0000000 0.0000000 0.0018969 0.0000000 0.0000000 0.0000000 0.0000000 0.0000000
 35 F 0.0085707 0.0231206 0.0102366 0.0044145 0.0081386 0.0190424 0.0131839 0.6596457 0.0054519 0.0333564 0.0285803 0.0202610 0.0045465 0.1220213 0.0015911 0.0096498 0.0050720 0.0008795 0.0139835 0.0082538 0.0000000 0.0000000 0.0000000 0.0000000 0.0000000
 36 G 0.0271493 0.0552414 0.0395728 0.0154268 0.0000000 0.2738119 0.1252070 0.0624920 0.0241604 0.0075829 0.0118237 0.1729466 0.0034352 0.0426093 0.0071067 0.0511941 0.0615674 0.0034474 0.0121467 0.0030784 0.0000000 0.0000000 0.0000000 0.0000000 0.0000000
 37 R 0.0297705 0.0303671 0.0078000 0.0052799 0.1496850 0.1764115 0.1739031 0.0052216 0.0181689 0.0129759 0.1608070 0.1065351 0.0054610 0.0116563 0.0419128 0.0272602 0.0038486 0.0000000 0.0104899 0.0224458 0.0000000 0.0000000 0.0000000 0.0000000 0.0000000
 38 F 0.0105482 0.0324927 0.0078195 0.0046858 0.0321929 0.0558789 0.0112837 0.0033703 0.0084214 0.1630001 0.3678931 0.1218922 0.0131846 0.0365119 0.0092473 0.0195046 0.0212810 0.0058027 0.0096327 0.0653564 0.0000000 0.0000000 0.0000000 0.0000000 0.0000000
 39 Y 0.1234844 0.0901340 0.0795633 0.0104627 0.0086485 0.1106723 0.0044181 0.0387019 0.0615291 0.0353784 0.0625636 0.1024347 0.0237365 0.0762211 0.0016240 0.0389591 0.0287550 0.0080995 0.0706905 0.0239234 0.0000000 0.0000000 0.0000000 0.0000000 0.0000000
 40 Q 0.0084224 0.0430899 0.0315888 0.0076088 0.0174131 0.0624984 0.0629872 0.0047275 0.0256431 0.0494731 0.0068963 0.1528360 0.0054538 0.0048595 0.0117652 0.0978914 0.3526350 0.0019292 0.0010167 0.0512646 0.0000000 0.0000000 0.0000000 0.0000000 0.0000000
 41 D 0.0030043 0.0019757 0.0102484 0.0088925 0.0257252 0.0109812 0.0075144 0.0114432 0.0000000 0.0813049 0.5982323 0.0147264 0.0112235 0.1030992 0.0195271 0.0256798 0.0290982 0.0069352 0.0117663 0.0186223 0.0000000 0.0000000 0.0000000 0.0000000 0.0000000
 42 E 0.0204889 0.0571054 0.0621832 0.1011420 0.0073756 0.1187583 0.1562933 0.0088383 0.0146401 0.0610017 0.0354106 0.1334815 0.0136240 0.0095120 0.0149534 0.0604483 0.0801409 0.0035766 0.0217673 0.0192586 0.0000000 0.0000000 0.0000000 0.0000000 0.0000000
 43 E 0.0303449 0.0137296 0.0200066 0.0548782 0.0028410 0.0173857 0.0919200 0.6818605 0.0004794 0.0019800 0.0028918 0.0271928 0.0020659 0.0029934 0.0040962 0.0231881 0.0114973 0.0032425 0.0000000 0.0074063 0.0000000 0.0000000 0.0000000 0.0000000 0.0000000
 44 G 0.0059276 0.0039017 0.0104527 0.0264943 0.0000000 0.0118794 0.0210642 0.1013402 0.7600772 0.0000000 0.0032636 0.0027078 0.0000000 0.0020778 0.0054885 0.0199715 0.0080383 0.0008868 0.0164285 0.0000000 0.0000000 0.0000000 0.0000000 0.0000000 0.0000000
 45 G 0.0241045 0.0406873 0.1013116 0.0623441 0.0029201 0.0937642 0.0531074 0.0525259 0.0246125 0.0104517 0.0209570 0.0444574 0.0078215 0.0065172 0.0126991 0.2178503 0.2055763 0.0008551 0.0095026 0.0079342 0.0000000 0.0000000 0.0000000 0.0000000 0.0000000
 46 C 0.0408133 0.0301399 0.1316780 0.1799758 0.0107687 0.0385219 0.0428903 0.1441962 0.0311112 0.0484125 0.0198844 0.0278885 0.0077162 0.0083292 0.0000000 0.1509615 0.0277567 0.0010486 0.0263263 0.0315808 0.0000000 0.0000000 0.0000000 0.0000000 0.0000000
 47 G 0.0832095 0.0508158 0.0271031 0.0114891 0.0206097 0.0427320 0.0307340 0.1363537 0.0024684 0.0175795 0.0245422 0.0333847 0.0111615 0.0180023 0.0357180 0.1610589 0.0731180 0.1558242 0.0467223 0.0173729 0.0000000 0.0000000 0.0000000 0.0000000 0.0000000
 48 I 0.0171205 0.0000000 0.0000000 0.0000000 0.0017500 0.0004774 0.0031147 0.0060903 0.0010700 0.3041276 0.0266115 0.0024833 0.0017098 0.0086428 0.0000000 0.0093667 0.0033401 0.0000000 0.0006923 0.6134030 0.0000000 0.0000000 0.0000000 0.0000000 0.0000000
 49 V 0.0118143 0.0861351 0.1172530 0.0050377 0.0141778 0.0413118 0.0171758 0.0061096 0.0131164 0.0609401 0.0867317 0.0312596 0.0175986 0.0315986 0.0013311 0.0525315 0.1006604 0.1336244 0.1129626 0.0586298 0.0000000 0.0000000 0.0000000 0.0000000 0.0000000
 50 E 0.0943638 0.0122089 0.0167129 0.0424238 0.0267383 0.0210115 0.0949065 0.0461951 0.0024197 0.0023746 0.0009898 0.0082982 0.0025016 0.0025389 0.0008602 0.5679383 0.0469882 0.0022048 0.0068112 0.0015137 0.0000000 0.0000000 0.0000000 0.0000000 0.0000000
 51 M 0.0273070 0.0000000 0.0000000 0.0000000 0.0037722 0.0013714 0.0000000 0.0081615 0.0000000 0.1401892 0.0750201 0.0020278 0.0923589 0.0034489 0.0019510 0.0058626 0.0036508 0.0000000 0.0000000 0.6348787 0.0000000 0.0000000 0.0000000 0.0000000 0.0000000
 52 L 0.3899792 0.0076364 0.0467840 0.0157860 0.1132040 0.0061659 0.0038292 0.0061595 0.0053752 0.0205687 0.0922450 0.0096740 0.0046180 0.0074918 0.0019909 0.1522918 0.0595090 0.0000000 0.0054105 0.0512810 0.0000000 0.0000000 0.0000000 0.0000000 0.0000000
 53 F 0.0006767 0.0000000 0.0000000 0.0000000 0.0017552 0.0006841 0.0000000 0.0012871 0.0036700 0.0300945 0.0115221 0.0000000 0.0018344 0.8482394 0.0068616 0.0022323 0.0000000 0.0170949 0.0478116 0.0262361 0.0000000 0.0000000 0.0000000 0.0000000 0.0000000
 54 S 0.0088026 0.0040085 0.0257779 0.0137549 0.0228617 0.0044839 0.0000000 0.0003763 0.0209029 0.0000000 0.0074252 0.0012892 0.0014432 0.0010268 0.0000000 0.8532399 0.0298261 0.0000000 0.0047808 0.0000000 0.0000000 0.0000000 0.0000000 0.0000000 0.0000000
 55 T 0.0537634 0.0239810 0.0176060 0.0036687 0.0012476 0.0149564 0.0096270 0.0089815 0.0134929 0.0082415 0.0079257 0.0131575 0.0015217 0.0058740 0.6467121 0.0700553 0.0927039 0.0016533 0.0010984 0.0037322 0.0000000 0.0000000 0.0000000 0.0000000 0.0000000
 56 S 0.0038597 0.0000000 0.1060120 0.6992973 0.0016973 0.0108539 0.0090004 0.0024390 0.0047761 0.0009897 0.0039132 0.0259597 0.0000000 0.0015922 0.0030963 0.1086236 0.0119765 0.0000000 0.0010300 0.0048832 0.0000000 0.0000000 0.0000000 0.0000000 0.0000000
 57 L 0.0151470 0.0064631 0.0342488 0.0128263 0.0083772 0.0084366 0.0046046 0.6684171 0.0029590 0.0024578 0.1046077 0.0063927 0.0013721 0.0000000 0.0063249 0.0975725 0.0041787 0.0000000 0.0112052 0.0044086 0.0000000 0.0000000 0.0000000 0.0000000 0.0000000
 58 L 0.0154043 0.0593774 0.0378377 0.0178850 0.0042994 0.2056419 0.0416761 0.0074073 0.0193022 0.0322266 0.0615142 0.2088534 0.0089187 0.0031516 0.0103120 0.0506374 0.1414607 0.0013055 0.0051927 0.0675960 0.0000000 0.0000000 0.0000000 0.0000000 0.0000000
 59 A 0.1270924 0.0627642 0.0059425 0.0000000 0.0051240 0.0225513 0.0012645 0.0024197 0.0259033 0.0978425 0.1463091 0.0375349 0.0411040 0.0293049 0.0023987 0.0092658 0.2262640 0.0065003 0.1210327 0.0293811 0.0000000 0.0000000 0.0000000 0.0000000 0.0000000
 60 V 0.0129504 0.0000000 0.0000000 0.0000000 0.0038596 0.0000000 0.0000000 0.0028029 0.0000000 0.1960439 0.6177005 0.0010788 0.0176466 0.0275792 0.0058702 0.0057860 0.0233827 0.0010537 0.0032299 0.0810157 0.0000000 0.0000000 0.0000000 0.0000000 0.0000000
 61 V 0.6502298 0.0013299 0.0000000 0.0021979 0.0040312 0.0037651 0.0000000 0.0075204 0.0012977 0.0666120 0.0150187 0.0000000 0.0032245 0.0000000 0.0026074 0.0063923 0.0201839 0.0000000 0.0009945 0.2145946 0.0000000 0.0000000 0.0000000 0.0000000 0.0000000
 62 G 0.0307338 0.0000000 0.0029164 0.0041635 0.0027412 0.0008488 0.0052460 0.1103706 0.0000000 0.0063631 0.0084459 0.0000000 0.0018440 0.0125454 0.0155210 0.6988540 0.0888178 0.0000000 0.0069861 0.0036024 0.0000000 0.0000000 0.0000000 0.0000000 0.0000000
 63 M 0.0759987 0.0132384 0.0064982 0.0106998 0.0171615 0.0264320 0.0066219 0.6033661 0.0052277 0.0244422 0.0278776 0.0266815 0.0113360 0.0000000 0.0000000 0.1149914 0.0099086 0.0033998 0.0037169 0.0124018 0.0000000 0.0000000 0.0000000 0.0000000 0.0000000
 64 G 0.0196064 0.0023146 0.0202863 0.0988599 0.0076338 0.0029521 0.0153825 0.3200961 0.0113960 0.0107671 0.0135418 0.0307969 0.0019905 0.0069329 0.0057799 0.3132445 0.0232328 0.0603142 0.0229989 0.0118729 0.0000000 0.0000000 0.0000000 0.0000000 0.0000000
 65 D 0.0264269 0.0260147 0.0550902 0.2805466 0.0000000 0.0493854 0.1265789 0.0594433 0.0028250 0.1033818 0.0757185 0.0354402 0.0124417 0.0303426 0.0038706 0.0242842 0.0159908 0.0040568 0.0340198 0.0341421 0.0000000 0.0000000 0.0000000 0.0000000 0.0000000
 66 N 0.1913564 0.0078777 0.0675003 0.2264944 0.0000000 0.0925413 0.0680554 0.0348517 0.0193526 0.0208774 0.0473559 0.0172530 0.0023158 0.0095274 0.0000000 0.0303402 0.1119063 0.0000000 0.0126483 0.0397461 0.0000000 0.0000000 0.0000000 0.0000000 0.0000000
 67 P 0.0420171 0.0042945 0.0181510 0.0065100 0.0140219 0.0150680 0.0030516 0.0818224 0.0159703 0.0383265 0.0235943 0.0143679 0.0091283 0.0000000 0.1029539 0.2193129 0.3093910 0.0000000 0.0309878 0.0510306 0.0000000 0.0000000 0.0000000 0.0000000 0.0000000
 68 A 0.3333379 0.0246302 0.0192933 0.0094710 0.0632683 0.0197822 0.0080825 0.1623991 0.0057175 0.0099826 0.0054178 0.0426663 0.0132696 0.0090905 0.0077564 0.1598817 0.0703347 0.0056335 0.0090831 0.0209017 0.0000000 0.0000000 0.0000000 0.0000000 0.0000000
 69 M 0.0181347 0.0076644 0.0087820 0.0000000 0.0102351 0.0051636 0.0000000 0.0150306 0.0000000 0.0510899 0.0876687 0.0016125 0.0049695 0.0225717 0.0000000 0.7424396 0.0137011 0.0000000 0.0071951 0.0037415 0.0000000 0.0000000 0.0000000 0.0000000 0.0000000
 70 S 0.1010361 0.0700591 0.1014328 0.0334662 0.0068099 0.0320203 0.0618032 0.0633908 0.0476533 0.0040698 0.0297797 0.0377185 0.0144407 0.0284969 0.0036764 0.1925293 0.0119047 0.0855030 0.0615515 0.0126576 0.0000000 0.0000000 0.0000000 0.0000000 0.0000000
 71 P 0.0020895 0.0014883 0.0156731 0.7967223 0.0011865 0.0174328 0.0070962 0.0109905 0.0025125 0.0100768 0.0187661 0.0041805 0.0007981 0.0012560 0.0873745 0.0173057 0.0030868 0.0000000 0.0008765 0.0010870 0.0000000 0.0000000 0.0000000 0.0000000 0.0000000
 72 R 0.0081482 0.1671497 0.1972877 0.0092871 0.0169687 0.1051268 0.0347403 0.0968173 0.0528157 0.0110040 0.0056101 0.1985077 0.0040418 0.0122571 0.0031499 0.0172777 0.0261634 0.0220233 0.0073541 0.0042694 0.0000000 0.0000000 0.0000000 0.0000000 0.0000000
 73 R 0.0086799 0.0473189 0.0138084 0.0241329 0.0168052 0.0103256 0.0144835 0.0039201 0.0171805 0.0221383 0.0210872 0.0523006 0.0081844 0.0152764 0.0000000 0.1531487 0.5440324 0.0000000 0.0033915 0.0237856 0.0000000 0.0000000 0.0000000 0.0000000 0.0000000
 74 L 0.0574161 0.0025739 0.0034741 0.0026122 0.0612264 0.0007868 0.0000000 0.0058958 0.0000000 0.4068604 0.1637114 0.0024783 0.0053633 0.0015046 0.0025770 0.0133945 0.0019571 0.0043278 0.0015250 0.2623155 0.0000000 0.0000000 0.0000000 0.0000000 0.0000000
 75 R 0.0037464 0.4077405 0.0237257 0.0027270 0.0313876 0.0440746 0.0022472 0.0074709 0.0193091 0.0349615 0.0176004 0.3417435 0.0023676 0.0068012 0.0053065 0.0095348 0.0039366 0.0035435 0.0190707 0.0127048 0.0000000 0.0000000 0.0000000 0.0000000 0.0000000
 76 M 0.0016253 0.0043602 0.0068654 0.0009299 0.0000000 0.0046866 0.0063705 0.0023095 0.0049220 0.2922719 0.5425523 0.0036637 0.0049949 0.0241375 0.0020008 0.0019691 0.0055617 0.0105281 0.0026913 0.0775589 0.0000000 0.0000000 0.0000000 0.0000000 0.0000000
 77 L 0.0026647 0.0081569 0.0101241 0.0054135 0.0012627 0.0242716 0.0000000 0.0012739 0.0046336 0.0301723 0.0173839 0.0116324 0.0023903 0.0135051 0.0073121 0.0068257 0.0139134 0.8096032 0.0067620 0.0226985 0.0000000 0.0000000 0.0000000 0.0000000 0.0000000
 78 N 0.0046631 0.0182061 0.2920865 0.4139342 0.0026450 0.0257105 0.0566481 0.0151019 0.0161211 0.0043428 0.0129849 0.0367081 0.0024600 0.0018921 0.0064377 0.0604369 0.0074250 0.0071906 0.0041493 0.0108561 0.0000000 0.0000000 0.0000000 0.0000000 0.0000000
 79 T 0.1080381 0.0111061 0.0105402 0.0329583 0.0037620 0.0095387 0.0100716 0.0053485 0.0000000 0.1056978 0.1506529 0.0079197 0.0055014 0.0115375 0.0460136 0.0272289 0.1387115 0.0073674 0.0038715 0.3041344 0.0000000 0.0000000 0.0000000 0.0000000 0.0000000
 80 K 0.0726640 0.0641733 0.0650804 0.0562142 0.0006368 0.1245384 0.1065665 0.0159269 0.0196221 0.0263346 0.0232163 0.2518749 0.0070014 0.0013281 0.0103105 0.0661025 0.0629014 0.0000000 0.0128580 0.0126495 0.0000000 0.0000000 0.0000000 0.0000000 0.0000000
 81 R 0.0129610 0.0794487 0.0457801 0.0381398 0.0000000 0.0478471 0.0266832 0.0543189 0.0039472 0.0102607 0.0062192 0.0595867 0.0048260 0.0035731 0.0077426 0.1282868 0.4609042 0.0045848 0.0035607 0.0013291 0.0000000 0.0000000 0.0000000 0.0000000 0.0000000
 82 H 0.0203854 0.0424551 0.0309852 0.0119861 0.0021394 0.0618363 0.0219736 0.6452578 0.0199303 0.0088754 0.0074626 0.0251976 0.0030696 0.0266865 0.0081274 0.0238317 0.0081584 0.0019683 0.0213919 0.0082815 0.0000000 0.0000000 0.0000000 0.0000000 0.0000000
 83 S 0.0253091 0.0526390 0.0224034 0.0250340 0.0074020 0.2740656 0.1569070 0.0063298 0.0160258 0.0083775 0.0255497 0.1846506 0.0019923 0.0118446 0.0056867 0.0946060 0.0628175 0.0000000 0.0106411 0.0077182 0.0000000 0.0000000 0.0000000 0.0000000 0.0000000
 84 V 0.0313952 0.0076086 0.0080884 0.0037630 0.1942668 0.1405423 0.1059366 0.0079980 0.0104370 0.0639500 0.1936424 0.0275035 0.0174764 0.0143331 0.0373661 0.0283904 0.0559763 0.0038096 0.0117718 0.0357446 0.0000000 0.0000000 0.0000000 0.0000000 0.0000000
 85 I 0.0140750 0.0221953 0.0119005 0.0011042 0.0013963 0.0500017 0.0091056 0.0104984 0.0078683 0.2930243 0.3178964 0.1119195 0.0094494 0.0105653 0.0037111 0.0089734 0.0251042 0.0065801 0.0090984 0.0755323 0.0000000 0.0000000 0.0000000 0.0000000 0.0000000
 86 C 0.1252908 0.0917193 0.0799233 0.0082515 0.0846058 0.1403385 0.0103670 0.0443684 0.0615933 0.0199318 0.0388114 0.1244259 0.0131882 0.0406828 0.0008052 0.0489064 0.0327017 0.0083811 0.0107342 0.0149733 0.0000000 0.0000000 0.0000000 0.0000000 0.0000000
 87 E 0.0094329 0.0152433 0.0233815 0.0244136 0.0160037 0.0389951 0.1160250 0.0038075 0.0066216 0.0468221 0.0254671 0.1429018 0.0053731 0.0194228 0.0125490 0.0597377 0.3601657 0.0000000 0.0034465 0.0701898 0.0000000 0.0000000 0.0000000 0.0000000 0.0000000
 88 V 0.0026168 0.0047105 0.0055216 0.0016093 0.0051962 0.0122322 0.0051875 0.0019049 0.0062672 0.1109414 0.6541147 0.0076963 0.0143305 0.0959954 0.0151296 0.0035649 0.0046340 0.0067525 0.0154221 0.0261725 0.0000000 0.0000000 0.0000000 0.0000000 0.0000000
 89 T 0.0180777 0.0468118 0.0541009 0.1037379 0.0042306 0.1006115 0.1770183 0.0598269 0.0112933 0.0327666 0.0108766 0.1250772 0.0015967 0.0064506 0.0101725 0.0692076 0.1396667 0.0020815 0.0117614 0.0146337 0.0000000 0.0000000 0.0000000 0.0000000 0.0000000
 90 F 0.0201686 0.0011591 0.0035525 0.0085570 0.0077159 0.0089735 0.0084925 0.5985627 0.1802001 0.0096589 0.0045444 0.0015088 0.0000000 0.1039326 0.0020406 0.0097170 0.0059490 0.0000000 0.0203659 0.0049009 0.0000000 0.0000000 0.0000000 0.0000000 0.0000000
 91 P 0.0151354 0.0290298 0.0335594 0.0146244 0.0012403 0.0387652 0.0342789 0.0143233 0.5937606 0.0034014 0.0045206 0.0262299 0.0016712 0.0000000 0.0888102 0.0522957 0.0290561 0.0006271 0.0148666 0.0038039 0.0000000 0.0000000 0.0000000 0.0000000 0.0000000
 92 T 0.0487396 0.0197704 0.1010821 0.0714840 0.0013722 0.0379569 0.0311330 0.1216704 0.0201340 0.0034857 0.0063699 0.0268685 0.0009759 0.0022436 0.0022833 0.2659800 0.2308919 0.0024202 0.0025446 0.0025937 0.0000000 0.0000000 0.0000000 0.0000000 0.0000000
 93 T 0.0849964 0.0347181 0.0815711 0.1449514 0.0081400 0.0258774 0.0480408 0.1125644 0.0152864 0.0051633 0.0119839 0.0417930 0.0021594 0.0051122 0.0545125 0.1457761 0.0752821 0.0713656 0.0169399 0.0137659 0.0000000 0.0000000 0.0000000 0.0000000 0.0000000
 94 I 0.0072552 0.0000000 0.0000000 0.0053958 0.0016899 0.0064200 0.0023558 0.0024266 0.0012200 0.2865569 0.0252430 0.0028622 0.0012137 0.0045394 0.0039829 0.0070109 0.0030244 0.0165207 0.0056893 0.6165931 0.0000000 0.0000000 0.0000000 0.0000000 0.0000000
 95 L 0.0096776 0.0788319 0.1108292 0.0097788 0.0129991 0.0370501 0.0164459 0.0123865 0.0087588 0.0217404 0.1718779 0.0447268 0.0241001 0.0473424 0.0021595 0.0422713 0.0793922 0.1214675 0.1065455 0.0416184 0.0000000 0.0000000 0.0000000 0.0000000 0.0000000
 96 S 0.1494404 0.0074620 0.0277670 0.0242710 0.0352766 0.0206411 0.0137984 0.0565896 0.0023097 0.0051000 0.0048442 0.0110116 0.0000000 0.0051938 0.0017913 0.5573430 0.0606159 0.0061664 0.0082715 0.0021065 0.0000000 0.0000000 0.0000000 0.0000000 0.0000000
 97 V 0.0220357 0.0000000 0.0000000 0.0010880 0.0046567 0.0010721 0.0024691 0.0053729 0.0000000 0.1375093 0.0536915 0.0000000 0.0122883 0.0110154 0.0013447 0.0115391 0.0031506 0.0000000 0.0055875 0.7271792 0.0000000 0.0000000 0.0000000 0.0000000 0.0000000
 98 K 0.3794835 0.0431194 0.0526180 0.0175231 0.1224876 0.0089995 0.0057059 0.0062078 0.0079157 0.0133811 0.0061487 0.0632537 0.0050714 0.0044571 0.0065511 0.1486992 0.0527141 0.0000000 0.0038202 0.0518429 0.0000000 0.0000000 0.0000000 0.0000000 0.0000000
 99 M 0.0013976 0.0000000 0.0000000 0.0101406 0.0020882 0.0027052 0.0028267 0.0031368 0.0013247 0.0303411 0.1187662 0.0042811 0.0210703 0.7138879 0.0169198 0.0031331 0.0028905 0.0150292 0.0296035 0.0204576 0.0000000 0.0000000 0.0000000 0.0000000 0.0000000
100 N 0.0071651 0.0037264 0.1279007 0.0259962 0.0071056 0.0055797 0.0032650 0.0030287 0.0209327 0.0028166 0.0035218 0.0041392 0.0000000 0.0000000 0.0025489 0.7496689 0.0291628 0.0007065 0.0000000 0.0027351 0.0000000 0.0000000 0.0000000 0.0000000 0.0000000
101 K 0.0330286 0.0958263 0.0129736 0.0073791 0.0031833 0.0294866 0.0062894 0.0228668 0.0173349 0.0040039 0.0103179 0.0400350 0.0052599 0.0076635 0.6343820 0.0438507 0.0139608 0.0000000 0.0015752 0.0105825 0.0000000 0.0000000 0.0000000 0.0000000 0.0000000
102 S 0.0109611 0.0113460 0.1085966 0.6145941 0.0053687 0.0294317 0.0255998 0.0110624 0.0129178 0.0042618 0.0052730 0.0704021 0.0062379 0.0009556 0.0028047 0.0360604 0.0135025 0.0018505 0.0275732 0.0011998 0.0000000 0.0000000 0.0000000 0.0000000 0.0000000
103 R 0.0076119 0.0875295 0.0353863 0.0142118 0.0061170 0.0132880 0.0111563 0.6388991 0.0123830 0.0242126 0.0315667 0.0068152 0.0032361 0.0109730 0.0030276 0.0757611 0.0064136 0.0008640 0.0082380 0.0023093 0.0000000 0.0000000 0.0000000 0.0000000 0.0000000
104 L 0.0454373 0.0427093 0.0224582 0.0158680 0.0038982 0.1952033 0.0397020 0.0000000 0.0134029 0.0678652 0.1471536 0.1868216 0.0150329 0.0041547 0.0020349 0.0423578 0.1417441 0.0000000 0.0000000 0.0141561 0.0000000 0.0000000 0.0000000 0.0000000 0.0000000
105 A 0.0689498 0.0380195 0.0033558 0.0000000 0.0045042 0.0137776 0.0015982 0.0000000 0.0121899 0.1409268 0.1461625 0.0285097 0.0207254 0.0306733 0.0000000 0.0703516 0.2380129 0.0172802 0.0897501 0.0752127 0.0000000 0.0000000 0.0000000 0.0000000 0.0000000
106 V 0.0491723 0.0000000 0.0083987 0.0000000 0.0107747 0.0000000 0.0000000 0.0402596 0.0000000 0.2004466 0.4536089 0.0000000 0.0027508 0.0107775 0.0015538 0.0489615 0.0232615 0.0000000 0.0000000 0.1500340 0.0000000 0.0000000 0.0000000 0.0000000 0.0000000
107 L 0.6110163 0.0000000 0.0045701 0.0000000 0.0196337 0.0031053 0.0009166 0.0242259 0.0000000 0.0089305 0.0306162 0.0029563 0.0010051 0.0012077 0.0000000 0.1240198 0.0043203 0.0000000 0.0042925 0.1591836 0.0000000 0.0000000 0.0000000 0.0000000 0.0000000
108 L 0.0098791 0.0074509 0.0017608 0.0112403 0.0079076 0.0051794 0.0150535 0.0192948 0.0063582 0.0050753 0.1113753 0.0111811 0.0036755 0.0251574 0.0000000 0.5719059 0.1452676 0.0390542 0.0017859 0.0013972 0.0000000 0.0000000 0.0000000 0.0000000 0.0000000
109 Q 0.0131898 0.0052499 0.0146410 0.7801004 0.0020965 0.0200273 0.0721482 0.0510835 0.0011608 0.0039044 0.0014323 0.0072638 0.0000000 0.0000000 0.0020804 0.0088379 0.0039909 0.0095232 0.0018853 0.0013845 0.0000000 0.0000000 0.0000000 0.0000000 0.0000000
110 E 0.0119200 0.0638692 0.1832488 0.0698696 0.0219918 0.1176958 0.0580339 0.0986763 0.0396576 0.0022753 0.0028781 0.2085236 0.0045021 0.0034394 0.0083570 0.0706482 0.0196562 0.0000000 0.0147570 0.0000000 0.0000000 0.0000000 0.0000000 0.0000000 0.0000000
111 Q 0.0076504 0.0052355 0.0243719 0.0066347 0.0048563 0.0646313 0.0323544 0.0067329 0.0090780 0.0103030 0.0105945 0.0270455 0.0101709 0.0159470 0.0000000 0.1736542 0.5790820 0.0000000 0.0024408 0.0092166 0.0000000 0.0000000 0.0000000 0.0000000 0.0000000
112 I 0.0618476 0.0000000 0.0016979 0.0038369 0.0666209 0.0021730 0.0020820 0.0017375 0.0000000 0.4840440 0.0687658 0.0000000 0.0078642 0.0037932 0.0000000 0.0134189 0.0024004 0.0000000 0.0000000 0.2797178 0.0000000 0.0000000 0.0000000 0.0000000 0.0000000
113 Y 0.0025842 0.4030170 0.0052449 0.0009440 0.0313760 0.0127036 0.0008964 0.0010069 0.0230557 0.0210012 0.0094267 0.3505168 0.0012060 0.0043480 0.0020828 0.0132414 0.0066849 0.0039181 0.1045693 0.0021761 0.0000000 0.0000000 0.0000000 0.0000000 0.0000000
114 I 0.0077474 0.0017408 0.0015567 0.0000000 0.0004553 0.0037476 0.0036795 0.0042801 0.0000000 0.2681861 0.5909818 0.0000000 0.0032574 0.0149802 0.0000000 0.0010639 0.0013290 0.0000000 0.0000000 0.0969942 0.0000000 0.0000000 0.0000000 0.0000000 0.0000000
115 Y 0.0000000 0.0033988 0.0011439 0.0011325 0.0009795 0.0018495 0.0000000 0.0000000 0.0094057 0.0033356 0.0153334 0.0000000 0.0009179 0.0093063 0.0000000 0.0000000 0.0016236 0.8606672 0.0870954 0.0038108 0.0000000 0.0000000 0.0000000 0.0000000 0.0000000
116 D 0.0055035 0.0162060 0.2407977 0.5335532 0.0039485 0.0161240 0.0547889 0.0078103 0.0114822 0.0013953 0.0012446 0.0217342 0.0023138 0.0000000 0.0015619 0.0685114 0.0072478 0.0000000 0.0030120 0.0027648 0.0000000 0.0000000 0.0000000 0.0000000 0.0000000
117 I 0.0961242 0.0099869 0.0000000 0.0010825 0.0032642 0.0036678 0.0000000 0.0040768 0.0000000 0.2254076 0.1935189 0.0028702 0.0122523 0.0118148 0.0337602 0.0140960 0.0554937 0.0121324 0.0030039 0.3174475 0.0000000 0.0000000 0.0000000 0.0000000 0.0000000
118 S 0.0841690 0.0723924 0.0715780 0.0298126 0.0004952 0.1361990 0.1538399 0.0113508 0.0330499 0.0139862 0.0088171 0.1815782 0.0038566 0.0051480 0.0097306 0.0875063 0.0660605 0.0000000 0.0097907 0.0121758 0.0000000 0.0000000 0.0000000 0.0084632 0.0000000
119 N 0.0161967 0.0153512 0.1037612 0.0646351 0.0000000 0.0417384 0.0293094 0.0246289 0.0023909 0.0062975 0.0065437 0.0555552 0.0008481 0.0035944 0.0014148 0.1067393 0.5050268 0.0027565 0.0029070 0.0016365 0.0000000 0.0000000 0.0000000 0.0086684 0.0000000
120 M 0.0166464 0.0316768 0.0249905 0.0058322 0.0036308 0.0267373 0.0167004 0.6744429 0.0076335 0.0115185 0.0219246 0.0157173 0.0778770 0.0166531 0.0053588 0.0122501 0.0035596 0.0029369 0.0077912 0.0078194 0.0000000 0.0000000 0.0000000 0.0083028 0.0000000
121 R 0.0278747 0.0726124 0.0376118 0.0200204 0.0020451 0.2663315 0.1581187 0.0052408 0.0331884 0.0146922 0.0147746 0.1994961 0.0031310 0.0053665 0.0094804 0.0464351 0.0655418 0.0000000 0.0060099 0.0037547 0.0000000 0.0000000 0.0000000 0.0082739 0.0000000
122 L 0.0341118 0.0046363 0.0034694 0.0070004 0.1891863 0.1556129 0.1073523 0.0021148 0.0167353 0.0346676 0.2940324 0.0247747 0.0086163 0.0202181 0.0273712 0.0244333 0.0058246 0.0006213 0.0070668 0.0238985 0.0000000 0.0000000 0.0000000 0.0082559 0.0000000
123 L 0.0116040 0.0201981 0.0087056 0.0081455 0.0067067 0.0441326 0.0106967 0.0133717 0.0074994 0.1867509 0.3952639 0.1198325 0.0134677 0.0153948 0.0057557 0.0060659 0.0257778 0.0069723 0.0071271 0.0782816 0.0000000 0.0000000 0.0000000 0.0082494 0.0000000
124 H 0.1324321 0.0917897 0.0815357 0.0079506 0.0030309 0.1660239 0.0336972 0.0161850 0.0946600 0.0058916 0.0335603 0.1433609 0.0113644 0.0312641 0.0031113 0.0406119 0.0310374 0.0049552 0.0384776 0.0208423 0.0000000 0.0000000 0.0000000 0.0082180 0.0000000
125 T 0.0093335 0.0197574 0.0181169 0.0058121 0.0181727 0.0329647 0.0215674 0.0053934 0.0000000 0.0680894 0.0104962 0.1316611 0.0064292 0.0036920 0.0553513 0.0657740 0.4349838 0.0022650 0.0022633 0.0796648 0.0000000 0.0000000 0.0000000 0.0082117 0.0000000
126 I 0.0033901 0.0020264 0.0034547 0.0029632 0.0075581 0.0048740 0.0063190 0.0041738 0.0029349 0.1660870 0.6026219 0.0020763 0.0141523 0.1183783 0.0081156 0.0023733 0.0000000 0.0121808 0.0171918 0.0109693 0.0000000 0.0000000 0.0000000 0.0081594 0.0000000
127 E 0.0220054 0.0646542 0.0640580 0.0955408 0.0033594 0.1274983 0.1997193 0.0122029 0.0085590 0.0276419 0.0207916 0.1270230 0.0061033 0.0063790 0.0137480 0.0647272 0.0888513 0.0030721 0.0134042 0.0224940 0.0000000 0.0000000 0.0000000 0.0081671 0.0000000
128 T 0.0286595 0.0105321 0.0147027 0.0257138 0.0037808 0.0126779 0.0362121 0.6879532 0.0006521 0.0116498 0.0051244 0.0138440 0.0038608 0.0085244 0.0000000 0.0110709 0.0933081 0.0024228 0.0021129 0.0188111 0.0000000 0.0000000 0.0000000 0.0083865 0.0000000
129 S 0.0156760 0.0061083 0.0172526 0.0178301 0.0074534 0.0088264 0.0104956 0.0110506 0.7530109 0.0019606 0.0051023 0.0022032 0.0043083 0.0029449 0.0110337 0.0805489 0.0093677 0.0016416 0.0238461 0.0011007 0.0000000 0.0000000 0.0000000 0.0082383 0.0000000
130 M 0.0247768 0.0268409 0.0579065 0.0589922 0.0073280 0.0868977 0.0432529 0.0373723 0.0054315 0.0189321 0.0208280 0.0458960 0.0032017 0.0397798 0.0685398 0.1972970 0.2284168 0.0000000 0.0130955 0.0070442 0.0000000 0.0000000 0.0000000 0.0081703 0.0000000
131 N 0.0385041 0.0226455 0.2385868 0.1950068 0.0070837 0.0253139 0.0399260 0.1337124 0.0504025 0.0044912 0.0099547 0.0387189 0.0055554 0.0086066 0.0054318 0.1276381 0.0101678 0.0009566 0.0271977 0.0019351 0.0000000 0.0000000 0.0000000 0.0081644 0.0000000
132 A 0.0512886 0.0417918 0.0244877 0.0196973 0.0216921 0.0500937 0.0365271 0.0887048 0.0093944 0.0274509 0.0380138 0.0305940 0.0147842 0.0188990 0.1257594 0.1255654 0.0415311 0.1531787 0.0477307 0.0246627 0.0000000 0.0000000 0.0000000 0.0081525 0.0000000
133 Q 0.0160922 0.0127678 0.0414978 0.0290519 0.0030771 0.0025213 0.0148293 0.0079071 0.0038968 0.1816849 0.0363642 0.0082614 0.0064114 0.0068855 0.0079637 0.0216402 0.0038272 0.0028657 0.0035340 0.5807600 0.0000000 0.0000000 0.0000000 0.0081603 0.0000000
134 G 0.0449458 0.0845949 0.1149558 0.0101795 0.0191253 0.0513448 0.0229910 0.0645850 0.0150459 0.0256960 0.0550322 0.0268822 0.0232298 0.0277921 0.0076272 0.0590563 0.0853242 0.1381277 0.1019864 0.0133433 0.0000000 0.0000000 0.0000000 0.0081348 0.0000000
135 I 0.0830966 0.0059638 0.0106774 0.0322870 0.0207285 0.0505686 0.0102111 0.0495991 0.0029949 0.0726484 0.0450886 0.0187705 0.0000000 0.0053447 0.0062215 0.4989245 0.0421088 0.0036050 0.0039181 0.0291247 0.0000000 0.0000000 0.0000000 0.0081180 0.0000000
136 M 0.0324524 0.0084261 0.0059069 0.0011081 0.0574946 0.0077529 0.0044070 0.0066509 0.0026251 0.1013686 0.0701002 0.0033389 0.0097404 0.0081220 0.0013497 0.0130171 0.0227898 0.0036031 0.0168175 0.6147961 0.0000000 0.0000000 0.0000000 0.0081328 0.0000000
137 S 0.4400947 0.0067621 0.0444861 0.0122948 0.1060264 0.0047574 0.0075253 0.0049145 0.0046042 0.0358883 0.0397145 0.0079309 0.0055854 0.0086049 0.0000000 0.1568541 0.0500826 0.0000000 0.0035246 0.0521806 0.0000000 0.0000000 0.0000000 0.0081687 0.0000000
138 M 0.0472952 0.0026578 0.0031533 0.0035652 0.0044292 0.0040090 0.0015322 0.0052976 0.0000000 0.0548489 0.0716797 0.0028952 0.0113562 0.6493187 0.0016600 0.0075304 0.0065798 0.0242694 0.0312642 0.0584573 0.0000000 0.0000000 0.0000000 0.0082007 0.0000000
139 S 0.0173471 0.0010542 0.0124632 0.0060322 0.0122793 0.0011640 0.0000000 0.0007885 0.0074286 0.0033500 0.0021207 0.0000000 0.0000000 0.0028250 0.0043660 0.8852182 0.0345016 0.0000000 0.0000000 0.0009271 0.0000000 0.0000000 0.0000000 0.0081342 0.0000000
140 P 0.0707003 0.0059141 0.0055144 0.0016408 0.0171432 0.0048100 0.0021523 0.1390318 0.0093426 0.0058066 0.0137256 0.0008948 0.0000000 0.0482694 0.5744513 0.0784822 0.0034597 0.0003061 0.0067909 0.0034676 0.0000000 0.0000000 0.0000000 0.0080965 0.0000000
141 N 0.0027068 0.0022853 0.0784952 0.4090675 0.0043607 0.0036483 0.0014645 0.0204381 0.0033226 0.0060138 0.0083491 0.0029002 0.0022548 0.0000000 0.0035904 0.4322783 0.0024543 0.0000000 0.0044329 0.0037748 0.0000000 0.0000000 0.0000000 0.0081624 0.0000000
142 S 0.0438419 0.0196606 0.0229923 0.1145809 0.0035417 0.0421656 0.0355102 0.4225921 0.0193907 0.0046774 0.0206504 0.0081589 0.0034111 0.0062953 0.0243412 0.1489286 0.0143324 0.0141377 0.0142540 0.0083648 0.0000000 0.0000000 0.0000000 0.0081723 0.0000000
143 E 0.0052008 0.0061810 0.0435920 0.8134751 0.0000000 0.0175353 0.0387651 0.0030834 0.0108403 0.0016253 0.0012270 0.0149734 0.0016101 0.0020676 0.0000000 0.0073104 0.0186188 0.0000000 0.0033061 0.0025257 0.0000000 0.0000000 0.0000000 0.0080626 0.0000000
144 N 0.0065741 0.0716516 0.2124083 0.0091941 0.0184876 0.0868558 0.0269582 0.1682593 0.0436849 0.0103137 0.0119457 0.1892039 0.0050276 0.0056732 0.0030438 0.0472475 0.0364792 0.0010662 0.0343963 0.0034507 0.0000000 0.0000000 0.0000000 0.0080783 0.0000000
145 N 0.0135264 0.0108384 0.0406382 0.0048108 0.0312767 0.0268841 0.0031795 0.0029558 0.0032632 0.0185826 0.0304516 0.0488233 0.0126349 0.0082030 0.0000000 0.1815537 0.5310218 0.0010217 0.0013087 0.0209895 0.0000000 0.0000000 0.0000000 0.0080363 0.0000000
146 Y 0.0699772 0.0060120 0.0051936 0.0000000 0.0482510 0.0007748 0.0000000 0.0000000 0.0019664 0.4179410 0.0885542 0.0017743 0.0120457 0.0225291 0.0020498 0.0032032 0.0077464 0.0035083 0.0772062 0.2232733 0.0000000 0.0000000 0.0000000 0.0079934 0.0000000
147 L 0.0075354 0.3661029 0.0040805 0.0011113 0.0312857 0.0111926 0.0000000 0.0054042 0.0112603 0.0460252 0.1367477 0.3051058 0.0060833 0.0073741 0.0000000 0.0148209 0.0078916 0.0163581 0.0065702 0.0070683 0.0000000 0.0000000 0.0000000 0.0079820 0.0000000
148 V 0.1265411 0.0062299 0.0077066 0.0037522 0.0008671 0.0062958 0.0025734 0.0000000 0.0015007 0.1863231 0.5060774 0.0025407 0.0073848 0.0209276 0.0000000 0.0097195 0.0017384 0.0055997 0.0000000 0.0962812 0.0000000 0.0000000 0.0000000 0.0079407 0.0000000
149 Y 0.0070229 0.0039466 0.0094479 0.0044789 0.0013320 0.0040723 0.0018380 0.0013041 0.0033729 0.0060760 0.0095309 0.0036627 0.0007488 0.0151869 0.0041334 0.0488312 0.0165804 0.7745666 0.0736331 0.0023130 0.0000000 0.0000000 0.0000000 0.0079213 0.0000000
150 P 0.0154643 0.0139519 0.1897614 0.4497553 0.0023983 0.0079455 0.0442594 0.0556984 0.0205059 0.0039451 0.0104244 0.0144573 0.0010317 0.0019350 0.0670487 0.0765148 0.0092165 0.0000000 0.0034394 0.0044032 0.0000000 0.0000000 0.0000000 0.0078433 0.0000000
151 S 0.0858810 0.0414693 0.0247367 0.0085360 0.0043947 0.0078731 0.0026783 0.0345888 0.0028926 0.1093921 0.1574686 0.0139973 0.0110583 0.0167230 0.0331541 0.1096114 0.0483285 0.0099598 0.0092061 0.2602278 0.0000000 0.0000000 0.0000000 0.0078223 0.0000000
152 P 0.0762169 0.0393339 0.0626818 0.0603159 0.0061143 0.1314137 0.1193143 0.0221391 0.0154121 0.0153900 0.0129487 0.1734996 0.0049740 0.0037069 0.0784960 0.0612137 0.0718253 0.0116172 0.0117733 0.0138072 0.0000000 0.0000000 0.0000000 0.0078060 0.0000000
153 P 0.0149227 0.0138190 0.0458727 0.0658648 0.0000000 0.0428351 0.0196600 0.1425125 0.0092708 0.0123129 0.0099428 0.0574857 0.0026209 0.0181045 0.0291470 0.1230948 0.3756467 0.0025418 0.0032133 0.0032856 0.0000000 0.0000000 0.0000000 0.0078466 0.0000000
154 K 0.0130172 0.0459787 0.0549239 0.0045934 0.0095394 0.0643732 0.0410268 0.5153884 0.0122153 0.0109877 0.0145530 0.0953592 0.0054265 0.0059359 0.0250220 0.0225512 0.0227063 0.0053982 0.0081494 0.0149947 0.0000000 0.0000000 0.0000000 0.0078596 0.0000000
155 V 0.0432611 0.0600989 0.0217614 0.0164393 0.0271625 0.1946815 0.1350907 0.0081312 0.0145057 0.0195398 0.0879554 0.1194333 0.0099503 0.0520486 0.0109876 0.0454935 0.0779280 0.0028360 0.0184301 0.0263477 0.0000000 0.0000000 0.0000000 0.0079175 0.0000000
156 I 0.0303338 0.0176699 0.0108229 0.0040497 0.1886917 0.1451530 0.0843829 0.0065827 0.0125251 0.1253370 0.1733313 0.0294559 0.0095355 0.0189415 0.0412742 0.0250578 0.0057655 0.0063368 0.0108655 0.0459442 0.0000000 0.0000000 0.0000000 0.0079431 0.0000000
