# profile length: 1220
  1 M 0.0000000 0.0000000 0.0000000 0.0000000 0.0000000 0.0000000 0.0000000 0.0000000 0.0000000 0.1048350 0.2263079 0.0000000 0.5410346 0.0000000 0.0000000 0.0000000 0.0000000 0.0000000 0.0000000 0.1278226 0.0000000 0.0000000 0.0000000 0.0000000 0.0000000
  2 A 0.3375575 0.0000000 0.0000000 0.0000000 0.0000000 0.0000000 0.0231974 0.0000000 0.0000000 0.0648343 0.1919708 0.0247913 0.0545214 0.0171924 0.0581847 0.0750919 0.0148999 0.0000000 0.0000000 0.1377584 0.0000000 0.0000000 0.0000000 0.0000000 0.0000000
  3 V 0.0277625 0.0000000 0.0274860 0.0000000 0.0000000 0.0000000 0.0000000 0.0000000 0.0000000 0.2550162 0.0859796 0.0000000 0.0000000 0.0000000 0.0191725 0.0277733 0.0615614 0.0000000 0.0000000 0.4952486 0.0000000 0.0000000 0.0000000 0.0000000 0.0000000
  4 S 0.0158065 0.0000000 0.0786892 0.0000000 0.0000000 0.0000000 0.0171214 0.0251789 0.0081155 0.0175543 0.0124887 0.0000000 0.0092280 0.1901396 0.0189553 0.3716895 0.1783140 0.0000000 0.0520101 0.0047090 0.0000000 0.0000000 0.0000000 0.0000000 0.0000000
  5 R 0.0416746 0.0090073 0.0463280 0.0000000 0.0000000 0.0101053 0.0337509 0.0134556 0.0078239 0.0063399 0.0097142 0.0123567 0.0057039 0.0000000 0.0327480 0.3459395 0.3935096 0.0000000 0.0201640 0.0113788 0.0000000 0.0000000 0.0000000 0.0000000 0.0000000
  6 L 0.0049339 0.0000000 0.0313389 0.1095013 0.0000000 0.0160831 0.0397179 0.0276804 0.0059409 0.0111553 0.0480819 0.0060304 0.0234074 0.0087502 0.0195257 0.2023449 0.3796968 0.0000000 0.0000000 0.0658112 0.0000000 0.0000000 0.0000000 0.0000000 0.0000000
  7 L 0.0492915 0.0000000 0.0230236 0.0000000 0.0000000 0.0294572 0.0102960 0.0144915 0.0000000 0.0937713 0.2477760 0.0000000 0.0323439 0.0139994 0.0361418 0.1126875 0.2264177 0.0000000 0.0000000 0.1103025 0.0000000 0.0000000 0.0000000 0.0000000 0.0000000
  8 I 0.0295223 0.0000000 0.0056028 0.0185898 0.0000000 0.0000000 0.0164091 0.0070479 0.0084993 0.2658801 0.0471284 0.0059715 0.0405426 0.0032369 0.0759882 0.0312344 0.1223378 0.0059669 0.0000000 0.3160419 0.0000000 0.0000000 0.0000000 0.0000000 0.0000000
  9 L 0.0814011 0.0000000 0.0122437 0.0190267 0.0087561 0.0157737 0.0330468 0.0175050 0.0000000 0.1686839 0.0831006 0.0178938 0.0172250 0.1084372 0.0344159 0.0392500 0.1495920 0.0058462 0.0405658 0.1472366 0.0000000 0.0000000 0.0000000 0.0000000 0.0000000
 10 I 0.0249190 0.0033795 0.0372759 0.0244556 0.0000000 0.0028660 0.0166958 0.0397523 0.0000000 0.1823003 0.1843896 0.0116932 0.0239163 0.0247310 0.0416591 0.0876909 0.1307463 0.0000000 0.0105319 0.1529974 0.0000000 0.0000000 0.0000000 0.0000000 0.0000000
 11 C 0.1401343 0.0014934 0.0160015 0.0398752 0.0110440 0.0043785 0.0155573 0.0413398 0.0028469 0.0039376 0.0199289 0.0145043 0.0082944 0.0300306 0.0335036 0.3650712 0.2070329 0.0000000 0.0015949 0.0434306 0.0000000 0.0000000 0.0000000 0.0000000 0.0000000
 12 L 0.0553622 0.0044456 0.0246596 0.1378396 0.0000000 0.0096545 0.0421973 0.0084813 0.0000000 0.1188478 0.1417593 0.0046834 0.0137673 0.0111946 0.0166359 0.1118550 0.1739183 0.0000000 0.0077094 0.1169888 0.0000000 0.0000000 0.0000000 0.0000000 0.0000000
 13 Y 0.0485092 0.0000000 0.0246279 0.0121529 0.0015740 0.0159759 0.0180137 0.0200181 0.0039023 0.0417284 0.0420482 0.0036456 0.0064940 0.0379673 0.0269814 0.3043958 0.2228296 0.0020112 0.0272893 0.1398352 0.0000000 0.0000000 0.0000000 0.0000000 0.0000000
 14 S 0.1396078 0.0099975 0.0190821 0.0291526 0.0000000 0.0063266 0.0235591 0.0366525 0.0090281 0.0221847 0.0202734 0.0054255 0.0024449 0.0039001 0.0541087 0.3810386 0.1713260 0.0025822 0.0097665 0.0535429 0.0000000 0.0000000 0.0000000 0.0000000 0.0000000
 15 F 0.0363599 0.0098400 0.0212252 0.0185899 0.0020702 0.0297507 0.0524078 0.0348033 0.0425497 0.0603532 0.1242563 0.0040027 0.0287567 0.1084946 0.0273253 0.0823305 0.1564514 0.0070643 0.0443282 0.1090399 0.0000000 0.0000000 0.0000000 0.0000000 0.0000000
 16 V 0.1667800 0.0047807 0.0224345 0.0251992 0.0014263 0.0035404 0.0277751 0.0299233 0.0047439 0.0883035 0.0707977 0.0061222 0.0143899 0.0055686 0.0341412 0.1946011 0.1551315 0.0000000 0.0043105 0.1400302 0.0000000 0.0000000 0.0000000 0.0000000 0.0000000
 17 T 0.0458956 0.0012417 0.0262067 0.0167647 0.0022656 0.0055671 0.0190542 0.1387789 0.0014976 0.0195397 0.0227128 0.0035589 0.0078355 0.0023093 0.0186180 0.1820043 0.3842490 0.0008184 0.0054768 0.0956053 0.0000000 0.0000000 0.0000000 0.0000000 0.0000000
 18 F 0.0536862 0.0158912 0.0253225 0.0562058 0.0029292 0.0104726 0.0425446 0.0336634 0.0094685 0.0178884 0.0377857 0.0184393 0.0048434 0.0288775 0.0315204 0.1930729 0.3762386 0.0029925 0.0023085 0.0358490 0.0000000 0.0000000 0.0000000 0.0000000 0.0000000
 19 A 0.1542894 0.0055403 0.0125046 0.0179282 0.0025908 0.0111191 0.0458504 0.0673422 0.0026997 0.0211624 0.0262239 0.0211813 0.0052668 0.0133370 0.0331893 0.2214516 0.2770267 0.0007093 0.0103716 0.0502154 0.0000000 0.0000000 0.0000000 0.0000000 0.0000000
 20 Y 0.1125277 0.0044068 0.0198905 0.0612266 0.0000000 0.0172616 0.0860745 0.0708098 0.0098834 0.0288146 0.0364095 0.0086628 0.0057529 0.0115207 0.0465577 0.1481146 0.2581984 0.0135730 0.0170624 0.0432526 0.0000000 0.0000000 0.0000000 0.0000000 0.0000000
 21 P 0.1620854 0.0076541 0.0255623 0.0211242 0.0007467 0.0160783 0.0211430 0.0667410 0.0039223 0.0482888 0.0241152 0.0269242 0.0081938 0.0091265 0.2253019 0.1699949 0.0860666 0.0029691 0.0068289 0.0671325 0.0000000 0.0000000 0.0000000 0.0000000 0.0000000
 22 K 0.0471801 0.0154426 0.0546488 0.0459375 0.0012244 0.0337172 0.0865373 0.0618686 0.0211108 0.0175952 0.0176356 0.0236593 0.0064865 0.0075737 0.0423662 0.1834376 0.2751199 0.0041624 0.0030762 0.0498687 0.0000000 0.0000000 0.0000000 0.0013513 0.0000000
 23 V 0.0746527 0.0060047 0.0575715 0.0159689 0.0005563 0.0338763 0.0393329 0.0318011 0.0025531 0.0424052 0.0732041 0.0075822 0.0259137 0.0109455 0.0299381 0.1411248 0.2448222 0.0032490 0.0109135 0.1475840 0.0000000 0.0000000 0.0000000 0.0000000 0.0000000
 24 T 0.1148788 0.0080051 0.0296510 0.0185694 0.0008761 0.0184811 0.0293438 0.0400262 0.0056804 0.0177606 0.0285375 0.0229661 0.0119263 0.0045171 0.0980318 0.1646912 0.3278536 0.0000000 0.0056030 0.0526009 0.0000000 0.0000000 0.0000000 0.0000000 0.0000000
 25 Q 0.1105281 0.0294198 0.0209494 0.0294342 0.0037390 0.0446161 0.0329877 0.0457335 0.0150179 0.0432882 0.0503182 0.0192302 0.0113119 0.0202939 0.0772862 0.1617942 0.2148701 0.0080762 0.0212884 0.0398170 0.0000000 0.0000000 0.0000000 0.0000000 0.0000000
 26 D 0.0742075 0.0175300 0.0625821 0.0634728 0.0004452 0.0180521 0.0703947 0.0675336 0.0043940 0.0220789 0.0296309 0.0226532 0.0061998 0.0079559 0.0669018 0.1776314 0.2266021 0.0032814 0.0041709 0.0542817 0.0000000 0.0000000 0.0000000 0.0000000 0.0000000
 27 Y 0.0862707 0.0113881 0.0259251 0.0240156 0.0007058 0.0183930 0.0266347 0.1127581 0.0038388 0.0607622 0.0436324 0.0172610 0.0080222 0.0248576 0.0900166 0.1379047 0.2235632 0.0037745 0.0155672 0.0647087 0.0000000 0.0000000 0.0000000 0.0000000 0.0000000
 28 R 0.0694378 0.0128355 0.0487931 0.0480231 0.0045950 0.0292314 0.0503665 0.0665626 0.0105719 0.0482710 0.0371370 0.0246195 0.0068010 0.0071373 0.0392733 0.1768008 0.2542994 0.0000000 0.0088085 0.0564352 0.0000000 0.0000000 0.0000000 0.0000000 0.0000000
 29 N 0.0560933 0.0153923 0.0622887 0.0570964 0.0032401 0.0233581 0.0559157 0.1461809 0.0073021 0.0476681 0.0381991 0.0153352 0.0078981 0.0075800 0.0533960 0.1132148 0.2290318 0.0014619 0.0068170 0.0525305 0.0000000 0.0000000 0.0000000 0.0000000 0.0000000
 30 H 0.0843315 0.0104434 0.0340006 0.0306131 0.0031374 0.0204013 0.0352294 0.0650156 0.0169366 0.0486801 0.0512653 0.0179211 0.0039164 0.0192002 0.0765307 0.1712733 0.2297639 0.0043649 0.0205695 0.0564057 0.0000000 0.0000000 0.0000000 0.0000000 0.0000000
 31 L 0.0564072 0.0064105 0.0332507 0.0373677 0.0024096 0.0247429 0.0407890 0.0979295 0.0077619 0.0281895 0.0538746 0.0077370 0.0149798 0.0239760 0.0583795 0.1544638 0.2289806 0.0042524 0.0113628 0.1067349 0.0000000 0.0000000 0.0000000 0.0000000 0.0000000
 32 P 0.0510251 0.0096036 0.0310574 0.0539803 0.0020884 0.0171014 0.0605466 0.0469807 0.0051081 0.0632491 0.0332694 0.0280933 0.0071917 0.0163792 0.1258525 0.1653017 0.1830071 0.0011434 0.0105471 0.0884739 0.0000000 0.0000000 0.0000000 0.0000000 0.0000000
 33 I 0.0718367 0.0056084 0.0155301 0.0313013 0.0060057 0.0170325 0.0368272 0.0835987 0.0063229 0.0909680 0.0823742 0.0126288 0.0153328 0.0315672 0.0403117 0.1103857 0.1991886 0.0024686 0.0110847 0.1296260 0.0000000 0.0000000 0.0000000 0.0000000 0.0000000
 34 K 0.0542088 0.0185394 0.0736084 0.0339344 0.0071819 0.0234371 0.0441267 0.0936657 0.0078046 0.0257395 0.0351456 0.0484275 0.0081520 0.0097539 0.0742093 0.1370216 0.2589423 0.0009550 0.0064827 0.0386636 0.0000000 0.0000000 0.0000000 0.0000000 0.0000000
 35 F 0.0868797 0.0084116 0.0332999 0.0423409 0.0018349 0.0272728 0.0633288 0.0586531 0.0089367 0.0279810 0.0687794 0.0202368 0.0145759 0.0182845 0.0671527 0.1317959 0.2231743 0.0019105 0.0282919 0.0668588 0.0000000 0.0000000 0.0000000 0.0000000 0.0000000
 36 A 0.1409073 0.0060989 0.0261586 0.0313698 0.0015879 0.0157830 0.0378605 0.0335779 0.0081294 0.0392236 0.0330944 0.0104503 0.0114871 0.0122686 0.1152702 0.1893811 0.2034688 0.0048782 0.0110182 0.0679863 0.0000000 0.0000000 0.0000000 0.0000000 0.0000000
 37 K 0.0778392 0.0224146 0.0325515 0.0372511 0.0042138 0.0208739 0.0526853 0.0487720 0.0129079 0.0304392 0.0509201 0.0281842 0.0104171 0.0098145 0.0857074 0.1750930 0.2455882 0.0013690 0.0154701 0.0374876 0.0000000 0.0000000 0.0000000 0.0000000 0.0000000
 38 R 0.0719953 0.0267693 0.0671644 0.0317022 0.0017182 0.0315633 0.0495422 0.0688350 0.0049205 0.0296833 0.0491003 0.0201914 0.0142827 0.0097647 0.0682162 0.1366707 0.2199349 0.0036150 0.0073495 0.0869809 0.0000000 0.0000000 0.0000000 0.0000000 0.0000000
 39 S 0.0703908 0.0087295 0.0291923 0.0278456 0.0036702 0.0158430 0.0312285 0.0412651 0.0063639 0.0512331 0.0502999 0.0164296 0.0090292 0.0056076 0.0882438 0.1807404 0.2436466 0.0019692 0.0077820 0.1104897 0.0000000 0.0000000 0.0000000 0.0000000 0.0000000
 40 E 0.0665984 0.0101339 0.0337068 0.0364790 0.0038600 0.0196224 0.0457367 0.0989577 0.0070086 0.0390400 0.0477608 0.0116125 0.0137984 0.0130353 0.0812164 0.1346313 0.2783752 0.0030693 0.0105127 0.0448447 0.0000000 0.0000000 0.0000000 0.0000000 0.0000000
 41 V 0.0790041 0.0131197 0.0208635 0.0332056 0.0018167 0.0261994 0.0470273 0.0328415 0.0097454 0.0316439 0.0583409 0.0097689 0.0159659 0.0138925 0.0837660 0.1681854 0.2063868 0.0037994 0.0106507 0.1327791 0.0000000 0.0000000 0.0000000 0.0009974 0.0000000
 42 T 0.0729982 0.0082317 0.0206418 0.0341135 0.0031359 0.0193780 0.0586319 0.0383541 0.0054003 0.0373058 0.0444704 0.0101922 0.0115823 0.0129618 0.0338934 0.1659077 0.3401169 0.0025018 0.0088109 0.0713713 0.0000000 0.0000000 0.0000000 0.0000000 0.0000000
 43 P 0.0715393 0.0118650 0.0251079 0.0150982 0.0014975 0.0228912 0.0674014 0.1047580 0.0054453 0.0281172 0.0283460 0.0137528 0.0122407 0.0094664 0.1487523 0.0996080 0.2528576 0.0008682 0.0067048 0.0736821 0.0000000 0.0000000 0.0000000 0.0000000 0.0000000
 44 N 0.0798251 0.0091649 0.0516155 0.0468174 0.0011266 0.0138830 0.0384420 0.0639599 0.0133169 0.0365080 0.0331932 0.0091683 0.0070719 0.0108686 0.0602881 0.2122362 0.2524616 0.0019162 0.0115605 0.0465762 0.0000000 0.0000000 0.0000000 0.0000000 0.0000000
 45 T 0.0913925 0.0064213 0.0267776 0.0229311 0.0045268 0.0204399 0.0795379 0.0675125 0.0084990 0.0400625 0.0347781 0.0121155 0.0069595 0.0199080 0.0594111 0.1769927 0.2537987 0.0038849 0.0061610 0.0578892 0.0000000 0.0000000 0.0000000 0.0000000 0.0000000
 46 S 0.0829101 0.0303918 0.0466528 0.0370387 0.0021331 0.0138268 0.0385879 0.0588234 0.0141794 0.0338251 0.0346086 0.0124276 0.0136673 0.0396868 0.0631378 0.1884923 0.1968002 0.0028875 0.0230103 0.0669123 0.0000000 0.0000000 0.0000000 0.0000000 0.0000000
 47 L 0.0736894 0.0107099 0.0401296 0.0233594 0.0013285 0.0220400 0.0352302 0.0729429 0.0031629 0.0436499 0.0584209 0.0191384 0.0084836 0.0114187 0.0786718 0.1738416 0.2042879 0.0442193 0.0116461 0.0609927 0.0000000 0.0000000 0.0000000 0.0026364 0.0000000
 48 A 0.0739294 0.0090834 0.0272351 0.0364657 0.0033919 0.0304192 0.0468372 0.0714781 0.0202682 0.0242068 0.0495290 0.0106997 0.0071025 0.0175141 0.0662483 0.1966607 0.2066287 0.0133466 0.0095960 0.0767390 0.0000000 0.0000000 0.0000000 0.0026202 0.0000000
 49 Q 0.0938598 0.0199512 0.0227855 0.0310542 0.0032845 0.0253775 0.0716918 0.0867226 0.0029705 0.0340332 0.0419633 0.0131753 0.0090972 0.0125700 0.0582861 0.1229160 0.2448712 0.0044801 0.0116632 0.0866420 0.0000000 0.0000000 0.0000000 0.0026048 0.0000000
 50 C 0.1059930 0.0112405 0.0356647 0.0271928 0.0154896 0.0211239 0.0295541 0.0634697 0.0068281 0.0355395 0.0548552 0.0076279 0.0149383 0.0149924 0.0787464 0.1620783 0.2380366 0.0008820 0.0060566 0.0670989 0.0000000 0.0000000 0.0000000 0.0025914 0.0000000
 51 P 0.0543190 0.0060467 0.0295189 0.0253773 0.0022376 0.0237503 0.0224095 0.0853005 0.0086765 0.0389322 0.0460034 0.0263002 0.0053965 0.0250293 0.1386962 0.1734606 0.2042262 0.0051775 0.0149426 0.0616152 0.0000000 0.0000000 0.0000000 0.0025839 0.0000000
 52 K 0.0921498 0.0140085 0.0428157 0.0753722 0.0014423 0.0300327 0.0624883 0.0596640 0.0106627 0.0461077 0.0275861 0.0188519 0.0059158 0.0152069 0.0466957 0.1727705 0.1956231 0.0036344 0.0143878 0.0620125 0.0000000 0.0000000 0.0000000 0.0025714 0.0000000
 53 Y 0.0690253 0.0108385 0.0297240 0.0506597 0.0025143 0.0186880 0.0414358 0.0801116 0.0191064 0.0447367 0.0634836 0.0115900 0.0079778 0.0179281 0.0730192 0.1500339 0.1900451 0.0086209 0.0396604 0.0682377 0.0000000 0.0000000 0.0000000 0.0025631 0.0000000
 54 V 0.0676166 0.0082849 0.0122718 0.0323742 0.0000000 0.0240227 0.0415520 0.0391592 0.0034295 0.0615154 0.0337508 0.0105423 0.0073836 0.0094393 0.0529799 0.1655001 0.3458665 0.0000000 0.0057269 0.0760373 0.0000000 0.0000000 0.0000000 0.0025473 0.0000000
 55 T 0.0586494 0.0161610 0.0383790 0.0237410 0.0011983 0.0205719 0.0410257 0.0474736 0.0080421 0.0281997 0.0493392 0.0147699 0.0080562 0.0089239 0.0540947 0.1493213 0.3624331 0.0029673 0.0120709 0.0520427 0.0000000 0.0000000 0.0000000 0.0025390 0.0000000
 56 V 0.0761731 0.0092743 0.0359611 0.0398488 0.0010966 0.0248323 0.0341052 0.0722081 0.0099409 0.0740776 0.0724705 0.0226160 0.0105807 0.0185720 0.0649243 0.1156538 0.2107477 0.0019288 0.0102746 0.0921903 0.0000000 0.0000000 0.0000000 0.0025232 0.0000000
 57 Y 0.0876836 0.0132843 0.0394403 0.0216572 0.0010406 0.0217705 0.0471143 0.0447184 0.0104179 0.0667773 0.0531958 0.0126793 0.0093464 0.0300185 0.0836932 0.1135013 0.2099121 0.0026509 0.0213446 0.1097537 0.0000000 0.0000000 0.0000000 0.0000000 0.0000000
 58 S 0.0809711 0.0102160 0.0227379 0.0241542 0.0030152 0.0220427 0.0317447 0.0693790 0.0068367 0.0391356 0.0374312 0.0091413 0.0112148 0.0231594 0.0548048 0.1886532 0.2709395 0.0095942 0.0126268 0.0722018 0.0000000 0.0000000 0.0000000 0.0000000 0.0000000
 59 S 0.0783821 0.0112562 0.0744897 0.0608057 0.0087890 0.0314513 0.0672572 0.0713731 0.0066245 0.0409703 0.0304556 0.0122831 0.0057930 0.0050801 0.0488736 0.1956157 0.1823090 0.0000000 0.0097208 0.0584699 0.0000000 0.0000000 0.0000000 0.0000000 0.0000000
 60 G 0.0928428 0.0155422 0.0236867 0.0318908 0.0020308 0.0252352 0.0402039 0.2250796 0.0116068 0.0232820 0.0312776 0.0269999 0.0075707 0.0103355 0.0768154 0.1403578 0.1711552 0.0034249 0.0100377 0.0306246 0.0000000 0.0000000 0.0000000 0.0000000 0.0000000
 61 S 0.0651959 0.0092230 0.0342916 0.0408495 0.0027471 0.0189070 0.0492436 0.0561757 0.0087870 0.0335441 0.0309419 0.0103785 0.0079405 0.0105226 0.1292604 0.1614139 0.2583692 0.0025167 0.0082782 0.0614136 0.0000000 0.0000000 0.0000000 0.0000000 0.0000000
 62 S 0.1099003 0.0053808 0.0227063 0.0324820 0.0057680 0.0160223 0.0457276 0.0655961 0.0160580 0.0335466 0.0339050 0.0172031 0.0150537 0.0081276 0.0778612 0.1852854 0.2130065 0.0041391 0.0137234 0.0785070 0.0000000 0.0000000 0.0000000 0.0000000 0.0000000
 63 H 0.0779184 0.0141968 0.0293560 0.0441997 0.0034803 0.0346915 0.0887349 0.1159869 0.0071545 0.0402896 0.0361357 0.0103356 0.0059625 0.0142548 0.0931891 0.1572716 0.1659533 0.0062335 0.0026575 0.0519978 0.0000000 0.0000000 0.0000000 0.0000000 0.0000000
 64 Y 0.1014186 0.0158709 0.0361410 0.0325534 0.0052123 0.0234548 0.0499651 0.0367319 0.0103766 0.0376852 0.0517317 0.0278887 0.0174578 0.0264059 0.0488273 0.1324746 0.2258988 0.0107674 0.0166906 0.0924475 0.0000000 0.0000000 0.0000000 0.0000000 0.0000000
 65 I 0.0678167 0.0074564 0.0442647 0.0431628 0.0014882 0.0247662 0.0312099 0.0519275 0.0026726 0.0465691 0.0318474 0.0303470 0.0146405 0.0120884 0.0563001 0.1284531 0.3206139 0.0021630 0.0093338 0.0728788 0.0000000 0.0000000 0.0000000 0.0000000 0.0000000
 66 S 0.0847379 0.0163777 0.0291614 0.0242689 0.0012160 0.0251623 0.0371826 0.0715012 0.0054207 0.0461067 0.0361929 0.0215794 0.0079361 0.0166175 0.0472515 0.1897345 0.2421662 0.0020531 0.0132420 0.0820913 0.0000000 0.0000000 0.0000000 0.0000000 0.0000000
 67 T 0.0669185 0.0119068 0.0288788 0.0244951 0.0018446 0.0184745 0.0278818 0.0535451 0.0092297 0.0251895 0.0323101 0.0122955 0.0118390 0.0090972 0.0604203 0.1627517 0.3140217 0.0010141 0.0073421 0.1205439 0.0000000 0.0000000 0.0000000 0.0000000 0.0000000
 68 I 0.0816987 0.0151417 0.0306108 0.0326102 0.0025657 0.0209793 0.0515787 0.0549321 0.0114471 0.1046527 0.0776367 0.0082045 0.0078936 0.0250826 0.0507303 0.1408679 0.1691904 0.0007952 0.0093163 0.1040655 0.0000000 0.0000000 0.0000000 0.0000000 0.0000000
 69 Y 0.0708264 0.0121821 0.0525349 0.0531784 0.0058514 0.0161763 0.0486732 0.1011032 0.0112555 0.0443461 0.0526268 0.0268253 0.0096800 0.0229714 0.0678095 0.1326497 0.1694759 0.0081924 0.0206809 0.0729606 0.0000000 0.0000000 0.0000000 0.0000000 0.0000000
 70 P 0.0710148 0.0134247 0.0449563 0.0508272 0.0018253 0.0218810 0.0402919 0.0724932 0.0127176 0.0354752 0.0353343 0.0228680 0.0075568 0.0177211 0.1292715 0.1241292 0.2140191 0.0018713 0.0100219 0.0722998 0.0000000 0.0000000 0.0000000 0.0000000 0.0000000
 71 V 0.0547571 0.0228538 0.0394776 0.0507917 0.0029276 0.0247313 0.0667132 0.0588783 0.0059337 0.0388952 0.0535934 0.0151104 0.0123882 0.0162037 0.0689278 0.1785073 0.1912477 0.0054197 0.0259888 0.0666536 0.0000000 0.0000000 0.0000000 0.0000000 0.0000000
 72 N 0.0900140 0.0074535 0.0315074 0.0454214 0.0022903 0.0243241 0.0559163 0.0964291 0.0047800 0.0313305 0.0313026 0.0099832 0.0105316 0.0145632 0.1230166 0.1802051 0.1982212 0.0028544 0.0057605 0.0340950 0.0000000 0.0000000 0.0000000 0.0000000 0.0000000
 73 K 0.0807630 0.0101504 0.0427582 0.0340257 0.0017431 0.0183810 0.0386068 0.1104856 0.0096376 0.0427223 0.0510116 0.0227026 0.0083780 0.0094528 0.0711223 0.1268717 0.2196730 0.0038112 0.0201714 0.0775318 0.0000000 0.0000000 0.0000000 0.0000000 0.0000000
 74 T 0.1075994 0.0194360 0.0712948 0.0341521 0.0023396 0.0157229 0.0500704 0.0667227 0.0097141 0.0397425 0.0326787 0.0085170 0.0060145 0.0092629 0.0775510 0.1658555 0.2069159 0.0018883 0.0129044 0.0604710 0.0000000 0.0000000 0.0000000 0.0011462 0.0000000
 75 H 0.0540118 0.0114911 0.0477920 0.0318011 0.0041407 0.0241638 0.0354643 0.0528123 0.0121554 0.0428191 0.0466555 0.0160762 0.0095998 0.0140787 0.1023208 0.1429889 0.2782799 0.0026826 0.0064139 0.0626117 0.0000000 0.0000000 0.0000000 0.0016405 0.0000000
 76 H 0.1057074 0.0047595 0.0333183 0.0334662 0.0030303 0.0197623 0.0574554 0.0835402 0.0130057 0.0194024 0.0371108 0.0251847 0.0106867 0.0149548 0.0416226 0.1578283 0.2469331 0.0008654 0.0127654 0.0765241 0.0000000 0.0000000 0.0000000 0.0020763 0.0000000
 77 T 0.0658324 0.0209597 0.0563247 0.0356065 0.0032633 0.0235172 0.0305646 0.0395084 0.0053130 0.0308141 0.0599170 0.0231037 0.0075380 0.0121923 0.0650482 0.1540515 0.2676391 0.0010569 0.0225059 0.0731716 0.0000000 0.0000000 0.0000000 0.0020720 0.0000000
 78 E 0.0588783 0.0111494 0.0328456 0.0308614 0.0036071 0.0150186 0.0390947 0.0615085 0.0049795 0.0618092 0.0597696 0.0171113 0.0138847 0.0130721 0.0748891 0.1483147 0.2290204 0.0082077 0.0125264 0.1013826 0.0000000 0.0000000 0.0000000 0.0020692 0.0000000
 79 Y 0.0612900 0.0068187 0.0349437 0.0215228 0.0058859 0.0243508 0.0327861 0.0510689 0.0152611 0.0641080 0.0360489 0.0181496 0.0140863 0.0282478 0.0801789 0.1325634 0.2816545 0.0008501 0.0215281 0.0665903 0.0000000 0.0000000 0.0000000 0.0020661 0.0000000
 80 T 0.0859483 0.0075235 0.0242295 0.0327012 0.0000000 0.0250963 0.0361260 0.0911865 0.0039967 0.0304551 0.0415708 0.0128383 0.0108966 0.0199317 0.0492652 0.1718430 0.2741109 0.0054632 0.0128410 0.0619126 0.0000000 0.0000000 0.0000000 0.0020635 0.0000000
 81 T 0.0703785 0.0096002 0.0290850 0.0446455 0.0017247 0.0431044 0.0579134 0.0548135 0.0081998 0.0340465 0.0589840 0.0133432 0.0190826 0.0075159 0.0620375 0.1510662 0.2407061 0.0097523 0.0140291 0.0679143 0.0000000 0.0000000 0.0000000 0.0020572 0.0000000
 82 L 0.0645514 0.0102740 0.0421099 0.0491625 0.0021099 0.0165407 0.0380073 0.0710058 0.0088744 0.0554121 0.0558116 0.0251229 0.0090367 0.0414761 0.0792562 0.1152788 0.1810389 0.0086087 0.0177694 0.1064984 0.0000000 0.0000000 0.0000000 0.0020541 0.0000000
 83 T 0.0797019 0.0104132 0.0359873 0.0513243 0.0064763 0.0177488 0.0464587 0.0758389 0.0122168 0.0326010 0.0485597 0.0156757 0.0074064 0.0092553 0.0837634 0.1596509 0.1980215 0.0307546 0.0117856 0.0643131 0.0000000 0.0000000 0.0000000 0.0020466 0.0000000
 84 D 0.0981736 0.0081629 0.0413917 0.0630948 0.0020635 0.0243196 0.0344834 0.0626759 0.0072742 0.0315615 0.0392642 0.0162166 0.0077444 0.0135106 0.0738776 0.1930714 0.1939902 0.0023800 0.0115063 0.0743088 0.0000000 0.0000000 0.0000000 0.0009288 0.0000000
 85 G 0.0767867 0.0151875 0.0318326 0.0330061 0.0007538 0.0200393 0.0572651 0.1358438 0.0135465 0.0219991 0.0384801 0.0186687 0.0070725 0.0093002 0.0472584 0.1965216 0.2065869 0.0025233 0.0131209 0.0532839 0.0000000 0.0000000 0.0000000 0.0009231 0.0000000
 86 S 0.0792421 0.0243229 0.0400038 0.0359206 0.0032104 0.0313864 0.0577808 0.0839350 0.0213814 0.0238635 0.0486441 0.0158639 0.0128245 0.0146823 0.0700071 0.1722038 0.2000966 0.0042212 0.0114675 0.0489422 0.0000000 0.0000000 0.0000000 0.0000000 0.0000000
 87 I 0.0913305 0.0107258 0.0368972 0.0251199 0.0022039 0.0122419 0.0412839 0.0799324 0.0048272 0.0667298 0.0608326 0.0142877 0.0060952 0.0177242 0.0732876 0.1351339 0.2320042 0.0045275 0.0131457 0.0716691 0.0000000 0.0000000 0.0000000 0.0000000 0.0000000
 88 D 0.0862555 0.0105426 0.0340437 0.0438485 0.0024460 0.0220611 0.0713566 0.0981520 0.0123399 0.0352284 0.0363922 0.0168839 0.0067135 0.0144980 0.0741112 0.1579444 0.2012490 0.0075680 0.0108385 0.0575271 0.0000000 0.0000000 0.0000000 0.0000000 0.0000000
 89 T 0.0770241 0.0143434 0.0382217 0.0284959 0.0081497 0.0315506 0.0541354 0.0507164 0.0122902 0.0272186 0.0301339 0.0189217 0.0122862 0.0113068 0.0456347 0.1618419 0.2964739 0.0032628 0.0095343 0.0679712 0.0000000 0.0000000 0.0000000 0.0004865 0.0000000
 90 Y 0.0875762 0.0128108 0.0290926 0.0372882 0.0030798 0.0251466 0.0465218 0.0623760 0.0145575 0.0592961 0.0535205 0.0223402 0.0045666 0.0149318 0.0712836 0.1552216 0.1904202 0.0025890 0.0239305 0.0834503 0.0000000 0.0000000 0.0000000 0.0000000 0.0000000
 91 T 0.0656831 0.0153793 0.0283376 0.0252782 0.0018754 0.0262740 0.0519327 0.0726593 0.0078898 0.0297256 0.0380268 0.0184992 0.0129406 0.0176696 0.0797861 0.1529103 0.2584724 0.0027818 0.0265245 0.0673539 0.0000000 0.0000000 0.0000000 0.0000000 0.0000000
 92 I 0.0734611 0.0114909 0.0371449 0.0361557 0.0031524 0.0255261 0.0352281 0.0555481 0.0036866 0.0607299 0.0588122 0.0117097 0.0082022 0.0202831 0.0580440 0.1551976 0.2248456 0.0035240 0.0127016 0.1045563 0.0000000 0.0000000 0.0000000 0.0000000 0.0000000
 93 T 0.0629838 0.0143680 0.0494011 0.0343991 0.0010808 0.0216324 0.0360913 0.0658121 0.0055378 0.0469981 0.0530609 0.0171702 0.0051394 0.0100599 0.0708988 0.1670791 0.2319944 0.0033602 0.0126008 0.0903320 0.0000000 0.0000000 0.0000000 0.0000000 0.0000000
 94 A 0.0959935 0.0130227 0.0523292 0.0326935 0.0049756 0.0231141 0.0529166 0.0914369 0.0077481 0.0388328 0.0572478 0.0109152 0.0104103 0.0155041 0.0703354 0.1494852 0.1915358 0.0006383 0.0107198 0.0696633 0.0000000 0.0000000 0.0000000 0.0004819 0.0000000
 95 K 0.0865198 0.0137279 0.0415466 0.0451929 0.0033582 0.0237709 0.0399881 0.0577700 0.0074546 0.0401118 0.0551823 0.0267909 0.0070882 0.0122620 0.0924886 0.1491292 0.2170938 0.0065481 0.0087622 0.0652139 0.0000000 0.0000000 0.0000000 0.0000000 0.0000000
 96 T 0.0599887 0.0154994 0.0322753 0.0497523 0.0033130 0.0251924 0.0433055 0.0762474 0.0042017 0.0363818 0.0633945 0.0184310 0.0112968 0.0185746 0.1064285 0.1519096 0.1893009 0.0084974 0.0086547 0.0773544 0.0000000 0.0000000 0.0000000 0.0000000 0.0000000
 97 D 0.0977573 0.0168491 0.0426270 0.0587065 0.0019027 0.0247885 0.0598875 0.0795602 0.0069895 0.0330095 0.0329105 0.0205332 0.0108924 0.0078104 0.0710533 0.1425671 0.2253590 0.0003037 0.0120462 0.0544464 0.0000000 0.0000000 0.0000000 0.0000000 0.0000000
 98 T 0.0670572 0.0128957 0.0337897 0.0355881 0.0039230 0.0260305 0.0513775 0.0981970 0.0079440 0.0445012 0.0525941 0.0159071 0.0116180 0.0114340 0.0871178 0.1283946 0.2105669 0.0030707 0.0109625 0.0870304 0.0000000 0.0000000 0.0000000 0.0000000 0.0000000
 99 G 0.0881304 0.0067507 0.0379049 0.0440959 0.0061586 0.0276139 0.0436337 0.1002003 0.0058495 0.0571311 0.0343542 0.0146730 0.0046182 0.0104660 0.0579724 0.1695246 0.2230279 0.0062396 0.0077588 0.0538963 0.0000000 0.0000000 0.0000000 0.0000000 0.0000000
100 T 0.0734137 0.0094730 0.0446190 0.0299112 0.0060596 0.0274361 0.0485088 0.0759048 0.0054116 0.0428621 0.0457936 0.0163604 0.0093065 0.0174044 0.0533319 0.1584512 0.2550701 0.0016702 0.0180592 0.0609527 0.0000000 0.0000000 0.0000000 0.0000000 0.0000000
101 D 0.0664568 0.0085306 0.0533527 0.0546375 0.0032995 0.0229406 0.0494527 0.0784108 0.0127837 0.0314354 0.0576533 0.0130631 0.0133113 0.0111330 0.0643966 0.1535655 0.2153800 0.0021646 0.0102551 0.0764419 0.0000000 0.0000000 0.0000000 0.0013350 0.0000000
102 V 0.0832470 0.0108473 0.0272732 0.0432991 0.0018824 0.0289259 0.0445494 0.0660247 0.0100799 0.0600052 0.0467385 0.0216922 0.0121733 0.0194131 0.0585611 0.1465111 0.2043831 0.0039818 0.0092234 0.0998503 0.0000000 0.0000000 0.0000000 0.0013380 0.0000000
103 V 0.0865172 0.0114321 0.0345376 0.0321043 0.0044509 0.0189250 0.0418441 0.0706733 0.0103541 0.0475864 0.0343240 0.0207442 0.0165037 0.0265248 0.0774852 0.1669121 0.1961002 0.0023280 0.0101054 0.0892114 0.0000000 0.0000000 0.0000000 0.0013358 0.0000000
104 V 0.0857534 0.0133362 0.0266119 0.0412366 0.0026982 0.0272979 0.0431710 0.0678961 0.0043124 0.0701779 0.0413068 0.0126843 0.0163825 0.0121262 0.0418718 0.1387876 0.2079488 0.0036850 0.0141249 0.1272593 0.0000000 0.0000000 0.0000000 0.0013314 0.0000000
105 V 0.0936243 0.0132317 0.0254383 0.0415070 0.0023760 0.0232141 0.0428327 0.0454043 0.0059442 0.0509766 0.0714666 0.0327234 0.0142968 0.0098285 0.0655617 0.1336578 0.1969776 0.0041762 0.0157988 0.1096329 0.0000000 0.0000000 0.0000000 0.0013305 0.0000000
106 E 0.0987491 0.0240364 0.0537557 0.0521591 0.0038513 0.0228148 0.0624682 0.0700627 0.0069089 0.0304622 0.0317151 0.0152418 0.0048194 0.0172899 0.0756564 0.1695754 0.1834417 0.0033312 0.0093373 0.0629927 0.0000000 0.0000000 0.0000000 0.0013309 0.0000000
107 T 0.0831551 0.0123497 0.0381542 0.0361302 0.0026645 0.0322302 0.0459960 0.0979013 0.0053505 0.0308577 0.0254968 0.0148843 0.0065692 0.0054229 0.0958551 0.1267048 0.2660292 0.0022006 0.0287294 0.0419922 0.0000000 0.0000000 0.0000000 0.0013262 0.0000000
108 S 0.0893429 0.0138411 0.0320077 0.0361804 0.0038320 0.0189849 0.0538734 0.0539442 0.0103434 0.0309536 0.0430980 0.0152679 0.0193751 0.0125925 0.0849768 0.1675900 0.2303170 0.0119822 0.0155623 0.0546102 0.0000000 0.0000000 0.0000000 0.0013242 0.0000000
109 A 0.0751299 0.0162659 0.0572123 0.0435587 0.0064948 0.0311726 0.0368847 0.0562918 0.0116031 0.0482915 0.0498422 0.0240863 0.0084852 0.0136085 0.0656818 0.1628400 0.2152656 0.0108953 0.0119538 0.0531138 0.0000000 0.0000000 0.0000000 0.0013220 0.0000000
110 N 0.0862116 0.0090650 0.0735730 0.0473719 0.0043780 0.0206065 0.0364604 0.1082404 0.0137143 0.0370493 0.0428998 0.0338378 0.0055919 0.0195790 0.1031950 0.1235065 0.1646128 0.0036392 0.0127591 0.0519131 0.0000000 0.0000000 0.0000000 0.0017954 0.0000000
111 T 0.0948255 0.0134511 0.0284628 0.0478133 0.0011426 0.0197809 0.0585186 0.0729784 0.0111599 0.0430417 0.0242079 0.0102050 0.0089037 0.0129864 0.0947374 0.1212667 0.2643361 0.0028908 0.0062379 0.0630530 0.0000000 0.0000000 0.0000000 0.0000000 0.0000000
112 I 0.0836153 0.0152196 0.0281663 0.0328454 0.0029251 0.0141148 0.0486223 0.0779308 0.0193131 0.0499471 0.0647098 0.0162970 0.0098206 0.0178618 0.0437780 0.1197137 0.2279129 0.0060212 0.0100763 0.1111088 0.0000000 0.0000000 0.0000000 0.0000000 0.0000000
113 T 0.0620034 0.0066605 0.0298734 0.0418920 0.0010935 0.0205151 0.0419158 0.0449079 0.0076246 0.0524189 0.0357206 0.0107366 0.0068403 0.0218423 0.0898484 0.1482513 0.2872845 0.0048521 0.0108332 0.0748856 0.0000000 0.0000000 0.0000000 0.0000000 0.0000000
114 T 0.0660785 0.0160784 0.0307724 0.0282229 0.0030690 0.0237917 0.0446991 0.0831120 0.0073588 0.0428768 0.0419148 0.0192787 0.0134367 0.0178028 0.0502590 0.1749531 0.2518859 0.0031953 0.0135698 0.0676441 0.0000000 0.0000000 0.0000000 0.0000000 0.0000000
115 T 0.0737881 0.0158949 0.0352029 0.0301576 0.0039110 0.0193194 0.0491929 0.0615768 0.0049562 0.0126101 0.0468074 0.0196713 0.0079095 0.0140008 0.0583672 0.1592029 0.3343122 0.0010556 0.0101840 0.0418792 0.0000000 0.0000000 0.0000000 0.0000000 0.0000000
116 L 0.0668792 0.0082899 0.0289198 0.0304057 0.0010928 0.0251197 0.0550114 0.0527153 0.0058994 0.0578328 0.0643361 0.0153819 0.0117286 0.0270756 0.0705274 0.1308836 0.2151775 0.0037254 0.0168906 0.1121075 0.0000000 0.0000000 0.0000000 0.0000000 0.0000000
117 Y 0.1108801 0.0076116 0.0271687 0.0367590 0.0078241 0.0329211 0.0434000 0.0509210 0.0119747 0.0421963 0.0433364 0.0278408 0.0056972 0.0312707 0.0748779 0.1377786 0.2110282 0.0133473 0.0166543 0.0665120 0.0000000 0.0000000 0.0000000 0.0000000 0.0000000
118 S 0.0729586 0.0139616 0.0508972 0.0547484 0.0028890 0.0230798 0.0615787 0.0647912 0.0031768 0.0298358 0.0275744 0.0182087 0.0056267 0.0152980 0.0776240 0.2251963 0.1635735 0.0211407 0.0074713 0.0603691 0.0000000 0.0000000 0.0000000 0.0000000 0.0000000
119 G 0.0717136 0.0125892 0.0339446 0.0433322 0.0112116 0.0259481 0.0370434 0.1664291 0.0075543 0.0280840 0.0286726 0.0155965 0.0124578 0.0071796 0.0603647 0.1774010 0.1686114 0.0145759 0.0118056 0.0654846 0.0000000 0.0000000 0.0000000 0.0000000 0.0000000
120 S 0.0747548 0.0118210 0.0310768 0.0242873 0.0027705 0.0170886 0.0357306 0.0549207 0.0076511 0.0353546 0.0435005 0.0185924 0.0107060 0.0117546 0.0601373 0.1868334 0.2541424 0.0049465 0.0139568 0.0999741 0.0000000 0.0000000 0.0000000 0.0000000 0.0000000
121 L 0.0833643 0.0139274 0.0433822 0.0367769 0.0038460 0.0233585 0.0581534 0.0704130 0.0106225 0.0370964 0.0464077 0.0171511 0.0121570 0.0165690 0.0570710 0.1702633 0.2091289 0.0023675 0.0191906 0.0687535 0.0000000 0.0000000 0.0000000 0.0000000 0.0000000
122 E 0.0810122 0.0126721 0.0419344 0.0321983 0.0043509 0.0233780 0.0720987 0.0655647 0.0113114 0.0375442 0.0424329 0.0115134 0.0076408 0.0236617 0.0878418 0.1531581 0.1992720 0.0037374 0.0073057 0.0798087 0.0000000 0.0000000 0.0000000 0.0015628 0.0000000
123 F 0.0857488 0.0116414 0.0235498 0.0317185 0.0019469 0.0185373 0.0447705 0.0616613 0.0064465 0.0727237 0.0617902 0.0217049 0.0084511 0.0419110 0.0740518 0.1332749 0.1877756 0.0022701 0.0190026 0.0894611 0.0000000 0.0000000 0.0000000 0.0015622 0.0000000
124 T 0.0972515 0.0126115 0.0247702 0.0467290 0.0026472 0.0149725 0.0616962 0.0608456 0.0066923 0.0279201 0.0410636 0.0245244 0.0042499 0.0166486 0.0522171 0.1450187 0.3001856 0.0012543 0.0091049 0.0480340 0.0000000 0.0000000 0.0000000 0.0015627 0.0000000
125 T 0.0831245 0.0109806 0.0208669 0.0207444 0.0005514 0.0253780 0.0363163 0.0510102 0.0052104 0.0425590 0.0524719 0.0146742 0.0080574 0.0176390 0.0716829 0.1631491 0.2995502 0.0027529 0.0127662 0.0576534 0.0000000 0.0000000 0.0000000 0.0028612 0.0000000
126 T 0.0890916 0.0158223 0.0325118 0.0441476 0.0017932 0.0202692 0.0395618 0.0575626 0.0039136 0.0261960 0.0473071 0.0152665 0.0092008 0.0142090 0.0525078 0.1783889 0.2800812 0.0028322 0.0048356 0.0629446 0.0000000 0.0000000 0.0000000 0.0015567 0.0000000
127 L 0.0608140 0.0284539 0.0339278 0.0347462 0.0036673 0.0142821 0.0341684 0.0601394 0.0080974 0.0619369 0.0688427 0.0225204 0.0126208 0.0287573 0.0774866 0.1314491 0.2141329 0.0036770 0.0233890 0.0753341 0.0000000 0.0000000 0.0000000 0.0015564 0.0000000
128 D 0.0840104 0.0107732 0.0361296 0.0502903 0.0025974 0.0242861 0.0416331 0.0508889 0.0087569 0.0548068 0.0365361 0.0231523 0.0070034 0.0220288 0.0972995 0.1392158 0.2232887 0.0022296 0.0095135 0.0740028 0.0000000 0.0000000 0.0000000 0.0015569 0.0000000
129 S 0.0850513 0.0076302 0.0570069 0.0379677 0.0054850 0.0227699 0.0365031 0.0693644 0.0119764 0.0411520 0.0541007 0.0185420 0.0052672 0.0143517 0.0704341 0.1658654 0.2038672 0.0040501 0.0071768 0.0798811 0.0000000 0.0000000 0.0000000 0.0015568 0.0000000
130 A 0.1092618 0.0121959 0.0486299 0.0413116 0.0029851 0.0261381 0.0578066 0.0741937 0.0049367 0.0339692 0.0502833 0.0107991 0.0098199 0.0151796 0.0934796 0.1310235 0.1712614 0.0012140 0.0145170 0.0894407 0.0000000 0.0000000 0.0000000 0.0015534 0.0000000
131 N 0.0789476 0.0148824 0.0613349 0.0468403 0.0104573 0.0192609 0.0638599 0.0479473 0.0066632 0.0320225 0.0399837 0.0208434 0.0105616 0.0147430 0.0944447 0.1600746 0.1999055 0.0026464 0.0105211 0.0625086 0.0000000 0.0000000 0.0000000 0.0015511 0.0000000
132 G 0.0871838 0.0122858 0.0386155 0.0363290 0.0078176 0.0215832 0.0307638 0.1624899 0.0096092 0.0310982 0.0395835 0.0103343 0.0178486 0.0163641 0.0733317 0.1691426 0.1634419 0.0041781 0.0173018 0.0506974 0.0000000 0.0000000 0.0000000 0.0000000 0.0000000
133 T 0.0649011 0.0106456 0.0277415 0.0336274 0.0016811 0.0227471 0.0502328 0.0751521 0.0094832 0.0334062 0.0378996 0.0107587 0.0172992 0.0089917 0.0523954 0.1671672 0.2961916 0.0010683 0.0084436 0.0701666 0.0000000 0.0000000 0.0000000 0.0000000 0.0000000
134 T 0.0695243 0.0071030 0.0542544 0.0362564 0.0011658 0.0195555 0.0559503 0.0877569 0.0082787 0.0296509 0.0666026 0.0176926 0.0072585 0.0140177 0.0682452 0.1427429 0.2313309 0.0043238 0.0126685 0.0656212 0.0000000 0.0000000 0.0000000 0.0000000 0.0000000
135 P 0.0839226 0.0098250 0.0279474 0.0551154 0.0010813 0.0218904 0.0376579 0.0674366 0.0073809 0.0524448 0.0500336 0.0128065 0.0089753 0.0097832 0.0920647 0.1312515 0.2660123 0.0013110 0.0104258 0.0526338 0.0000000 0.0000000 0.0000000 0.0000000 0.0000000
136 A 0.0890484 0.0167228 0.0394411 0.0559575 0.0015777 0.0211721 0.0408224 0.0686708 0.0049786 0.0373473 0.0359089 0.0335884 0.0050952 0.0202645 0.0557345 0.1702319 0.2092635 0.0020851 0.0285030 0.0635864 0.0000000 0.0000000 0.0000000 0.0000000 0.0000000
137 T 0.0750208 0.0100050 0.0291205 0.0304121 0.0012274 0.0235112 0.0346936 0.0613553 0.0093937 0.0305434 0.0468629 0.0088827 0.0110663 0.0104496 0.0693794 0.1769639 0.2970316 0.0018004 0.0123999 0.0598803 0.0000000 0.0000000 0.0000000 0.0000000 0.0000000
138 I 0.0504172 0.0068153 0.0332700 0.0186091 0.0021050 0.0137172 0.0378545 0.0605366 0.0109505 0.0724171 0.0735324 0.0180549 0.0056047 0.0193396 0.0738995 0.1539983 0.1974285 0.0016274 0.0160634 0.1337589 0.0000000 0.0000000 0.0000000 0.0000000 0.0000000
139 E 0.0622891 0.0214323 0.0344130 0.0341469 0.0072107 0.0256671 0.0673945 0.0492092 0.0153139 0.0469374 0.0286132 0.0165520 0.0038326 0.0099575 0.0731741 0.1692954 0.2325400 0.0027416 0.0078650 0.0914146 0.0000000 0.0000000 0.0000000 0.0000000 0.0000000
140 V 0.0817691 0.0087959 0.0347622 0.0442722 0.0029388 0.0268393 0.0399816 0.0773288 0.0062773 0.0596115 0.0622543 0.0195962 0.0081782 0.0097296 0.0490965 0.1372130 0.1999904 0.0024567 0.0178838 0.1110246 0.0000000 0.0000000 0.0000000 0.0000000 0.0000000
141 V 0.0684572 0.0212594 0.0392818 0.0416701 0.0019870 0.0254549 0.0485044 0.0792973 0.0085736 0.0492783 0.0579256 0.0331173 0.0168224 0.0097358 0.0642319 0.1165766 0.2238502 0.0110389 0.0106341 0.0723029 0.0000000 0.0000000 0.0000000 0.0000000 0.0000000
142 E 0.0915236 0.0098370 0.0652039 0.0651566 0.0030789 0.0142659 0.0798833 0.0720124 0.0130080 0.0423767 0.0424280 0.0103515 0.0045275 0.0176660 0.0714554 0.1357509 0.1663626 0.0094783 0.0192751 0.0663586 0.0000000 0.0000000 0.0000000 0.0000000 0.0000000
143 P 0.0747960 0.0094623 0.0324470 0.0263034 0.0012267 0.0302241 0.0543104 0.0710440 0.0090052 0.0274089 0.0243331 0.0114950 0.0087052 0.0064960 0.1380208 0.1669782 0.2248370 0.0022582 0.0119568 0.0686916 0.0000000 0.0000000 0.0000000 0.0000000 0.0000000
144 A 0.1041021 0.0113542 0.0363426 0.0458798 0.0010354 0.0292361 0.0580105 0.0819006 0.0207117 0.0378801 0.0507260 0.0224313 0.0066197 0.0082237 0.0712233 0.1612599 0.1674558 0.0055951 0.0260054 0.0540068 0.0000000 0.0000000 0.0000000 0.0000000 0.0000000
145 A 0.0855654 0.0230511 0.0625684 0.0259282 0.0036924 0.0245191 0.0393894 0.0944874 0.0025196 0.0281896 0.0341085 0.0095390 0.0096700 0.0089696 0.0712639 0.1735719 0.2276619 0.0020419 0.0157431 0.0575197 0.0000000 0.0000000 0.0000000 0.0000000 0.0000000
146 G 0.0815005 0.0126051 0.0424363 0.0301631 0.0051859 0.0321687 0.0416825 0.1086095 0.0098116 0.0249487 0.0339480 0.0096904 0.0115668 0.0108801 0.1208568 0.1540503 0.1995759 0.0084691 0.0148873 0.0469634 0.0000000 0.0000000 0.0000000 0.0000000 0.0000000
147 T 0.0641923 0.0055365 0.0292410 0.0247720 0.0013545 0.0228343 0.0210304 0.0525454 0.0185597 0.0396920 0.0282433 0.0139250 0.0119616 0.0070687 0.0536575 0.1385726 0.3868515 0.0078566 0.0104342 0.0607620 0.0000000 0.0000000 0.0000000 0.0009090 0.0000000
148 V 0.0751079 0.0086736 0.0299950 0.0302280 0.0070187 0.0107469 0.0468665 0.0745803 0.0078031 0.0715000 0.0721477 0.0082458 0.0104683 0.0196076 0.0691664 0.1452537 0.1712472 0.0034382 0.0133757 0.1236215 0.0000000 0.0000000 0.0000000 0.0009076 0.0000000
149 T 0.0570439 0.0169046 0.0297377 0.0399240 0.0040003 0.0225732 0.0545450 0.0443710 0.0058816 0.0260105 0.0435340 0.0269704 0.0068654 0.0175088 0.0392654 0.1590179 0.3174829 0.0027170 0.0117397 0.0730015 0.0000000 0.0000000 0.0000000 0.0009051 0.0000000
150 T 0.0890103 0.0088146 0.0231503 0.0258223 0.0021037 0.0190453 0.0430919 0.0520459 0.0093534 0.0478362 0.0357427 0.0105451 0.0098141 0.0234885 0.0640295 0.1942456 0.2230525 0.0117929 0.0197823 0.0863297 0.0000000 0.0000000 0.0000000 0.0009030 0.0000000
151 T 0.0586933 0.0108525 0.0241884 0.0291089 0.0058747 0.0146731 0.0263947 0.0652073 0.0031637 0.0215451 0.0359520 0.0131329 0.0052667 0.0209285 0.0798927 0.1413730 0.3613722 0.0024237 0.0061234 0.0716613 0.0000000 0.0000000 0.0000000 0.0021720 0.0000000
152 I 0.0898102 0.0115791 0.0315224 0.0324963 0.0035806 0.0281515 0.0619072 0.0490198 0.0085393 0.0710845 0.0737060 0.0174804 0.0130199 0.0283651 0.0582693 0.1357231 0.1733115 0.0025197 0.0181278 0.0908837 0.0000000 0.0000000 0.0000000 0.0009027 0.0000000
153 Y 0.0776568 0.0066326 0.0325291 0.0290559 0.0023736 0.0269075 0.0415366 0.0531734 0.0131895 0.0471571 0.0430894 0.0167654 0.0120379 0.0365963 0.1046399 0.1242613 0.2278848 0.0113329 0.0195252 0.0727526 0.0000000 0.0000000 0.0000000 0.0009022 0.0000000
154 S 0.0715650 0.0119729 0.0648695 0.0543656 0.0034167 0.0196713 0.0731239 0.0928580 0.0207521 0.0286424 0.0300255 0.0220310 0.0117181 0.0139090 0.0646700 0.1391598 0.1798328 0.0381547 0.0066471 0.0511165 0.0000000 0.0000000 0.0000000 0.0014981 0.0000000
155 G 0.1037601 0.0073327 0.0345174 0.0385527 0.0014678 0.0214040 0.0377082 0.1706156 0.0080104 0.0289347 0.0394295 0.0140971 0.0066187 0.0140342 0.0622426 0.1660605 0.1891672 0.0015918 0.0079168 0.0450398 0.0000000 0.0000000 0.0000000 0.0014983 0.0000000
156 T 0.0569743 0.0155658 0.0426911 0.0573817 0.0022406 0.0221641 0.0534446 0.0722888 0.0057739 0.0283381 0.0283236 0.0187620 0.0055015 0.0134844 0.0596291 0.1888566 0.2593016 0.0004323 0.0036713 0.0636755 0.0000000 0.0000000 0.0000000 0.0014991 0.0000000
